<?xml version="1.0"?>
<opencv_storage>
<M1 type_id="opencv-matrix">
  <rows>3</rows>
  <cols>3</cols>
  <dt>d</dt>
  <data>
    3.0735914882663752e+02 0. 3.2084210981422143e+02 0.
    3.0735601729133634e+02 2.4007436025102410e+02 0. 0. 1.</data></M1>
<D1 type_id="opencv-matrix">
  <rows>1</rows>
  <cols>14</cols>
  <dt>d</dt>
  <data>
    -3.1926823599332121e-01 1.0770461852568727e-01
    -8.4259101552860960e-04 -2.3329580923151455e-03
    -1.6283824174606637e-02 0. 0. 0. 0. 0. 0. 0. 3.2105144548576761e-03
    -7.5854036648813558e-03</data></D1>
<M2 type_id="opencv-matrix">
  <rows>3</rows>
  <cols>3</cols>
  <dt>d</dt>
  <data>
    3.0631161919510021e+02 0. 3.1346338682283204e+02 0.
    3.0728990958863778e+02 2.3645250061786783e+02 0. 0. 1.</data></M2>
<D2 type_id="opencv-matrix">
  <rows>1</rows>
  <cols>14</cols>
  <dt>d</dt>
  <data>
    -3.2588005378995638e-01 1.1736975878727166e-01
    -1.3576572580208338e-04 3.0039948447278895e-03
    -1.9456977595771138e-02 0. 0. 0. 0. 0. 0. 0. 1.9525814033800324e-03
    1.1761600565530449e-02</data></D2>
<imageSize>
  640 480</imageSize>
<R type_id="opencv-matrix">
  <rows>3</rows>
  <cols>3</cols>
  <dt>d</dt>
  <data>
    9.9874954170499453e-01 -1.5783593438038084e-02
    4.7436601082351003e-02 1.5142909174973422e-02 9.9978961636719954e-01
    1.3835292047749026e-02 -4.7644991822665773e-02
    -1.3099663450284623e-02 9.9877843067003980e-01</data></R>
<T type_id="opencv-matrix">
  <rows>3</rows>
  <cols>1</cols>
  <dt>d</dt>
  <data>
    -1.0024805264311615e+02 -1.5907774637747718e+00
    2.4771000417751714e+00</data></T>
<E type_id="opencv-matrix">
  <rows>3</rows>
  <cols>3</cols>
  <dt>d</dt>
  <data>
    3.8282078303305711e-02 -2.4557402510698259e+00
    -1.6231056213236834e+00 -2.3023151169390617e+00
    -1.3523132911359639e+00 1.0024309790314184e+02
    7.0741106757024497e-02 -1.0025207027835853e+02
    -1.3115000095757527e+00</data></E>
<F type_id="opencv-matrix">
  <rows>3</rows>
  <cols>3</cols>
  <dt>d</dt>
  <data>
    -1.2962782761227383e-07 8.3155233833524716e-06
    -2.6549714320225692e-04 7.7711031229391267e-06
    4.5645676538962047e-06 -1.0758558682223657e-01
    -1.8702364889057303e-03 1.0029747671532421e-01 1.</data></F>
<R1 type_id="opencv-matrix">
  <rows>3</rows>
  <cols>3</cols>
  <dt>d</dt>
  <data>
    9.9973614802897370e-01 4.0499498717423276e-04 2.2966721647863411e-02
    -5.5754237062989760e-04 9.9997782547535963e-01
    6.6360910238032764e-03 -2.2963524788129248e-02
    -6.6471449985398895e-03 9.9971420515699050e-01</data></R1>
<R2 type_id="opencv-matrix">
  <rows>3</rows>
  <cols>3</cols>
  <dt>d</dt>
  <data>
    9.9956909060661125e-01 1.5861574772774223e-02
    -2.4699059690601734e-02 -1.6025295028860406e-02
    9.9985081595160630e-01 -6.4448242912462355e-03
    2.4593149922492581e-02 6.8378568743977155e-03 9.9967415725838138e-01</data></R2>
<P1 type_id="opencv-matrix">
  <rows>3</rows>
  <cols>4</cols>
  <dt>d</dt>
  <data>
    3.0732296343998706e+02 0. 3.0614736938476563e+02 0. 0.
    3.0732296343998706e+02 2.3823533630371094e+02 0. 0. 0. 1. 0.</data></P1>
<P2 type_id="opencv-matrix">
  <rows>3</rows>
  <cols>4</cols>
  <dt>d</dt>
  <data>
    3.0732296343998706e+02 0. 3.2923098754882813e+02
    -3.0821810024831222e+04 0. 3.0732296343998706e+02
    2.3823533630371094e+02 0. 0. 0. 1. 0.</data></P2>
<H1 type_id="opencv-matrix">
  <rows>0</rows>
  <cols>0</cols>
  <dt>u</dt>
  <data></data></H1>
<H2 type_id="opencv-matrix">
  <rows>0</rows>
  <cols>0</cols>
  <dt>u</dt>
  <data></data></H2>
<Q type_id="opencv-matrix">
  <rows>4</rows>
  <cols>4</cols>
  <dt>d</dt>
  <data>
    1. 0. 0. -3.0614736938476563e+02 0. 1. 0. -2.3823533630371094e+02 0.
    0. 0. 3.0732296343998706e+02 0. 0. 9.9709576819919394e-03
    2.3016577986112766e-01</data></Q>
<rmsStereo>9.0602391367549939e-01</rmsStereo>
<avgErr>1.0243773669104785e+00</avgErr>
<nframes>22</nframes>
<num_Im>46</num_Im>
</opencv_storage>
