<?xml version="1.0"?>
<opencv_storage>
<M1 type_id="opencv-matrix">
  <rows>3</rows>
  <cols>3</cols>
  <dt>d</dt>
  <data>
    3.0761004019433148e+02 0. 3.2031732797748350e+02 0.
    3.0763684396438043e+02 2.4033754234710318e+02 0. 0. 1.</data></M1>
<D1 type_id="opencv-matrix">
  <rows>1</rows>
  <cols>14</cols>
  <dt>d</dt>
  <data>
    -3.1992824239950163e-01 1.0834280351822548e-01
    -8.8533689054613024e-04 -2.3743164867976070e-03
    -1.6443657616388951e-02 0. 0. 0. 0. 0. 0. 0. 3.5036114389735968e-03
    -8.1798410749959177e-03</data></D1>
<M2 type_id="opencv-matrix">
  <rows>3</rows>
  <cols>3</cols>
  <dt>d</dt>
  <data>
    3.0649137020305170e+02 0. 3.1309833807902294e+02 0.
    3.0751619560933977e+02 2.3657875666641581e+02 0. 0. 1.</data></M2>
<D2 type_id="opencv-matrix">
  <rows>1</rows>
  <cols>14</cols>
  <dt>d</dt>
  <data>
    -3.2582199234369247e-01 1.1730527811938024e-01
    -1.6699908005800057e-04 3.0569800651678229e-03
    -1.9430030093392770e-02 0. 0. 0. 0. 0. 0. 0. 2.0139700217398897e-03
    1.1429659830754493e-02</data></D2>
<imageSize>
  640 480</imageSize>
<R type_id="opencv-matrix">
  <rows>3</rows>
  <cols>3</cols>
  <dt>d</dt>
  <data>
    9.9877834527794906e-01 -1.5945466748292860e-02
    4.6771349072066058e-02 1.5295313397996349e-02 9.9978181618641859e-01
    1.4225800892865492e-02 -4.6987981355864190e-02
    -1.3493039433925403e-02 9.9880431892084620e-01</data></R>
<T type_id="opencv-matrix">
  <rows>3</rows>
  <cols>1</cols>
  <dt>d</dt>
  <data>
    -1.0020774828365207e+02 -1.5824850982232805e+00
    2.5553557173606452e+00</data></T>
<E type_id="opencv-matrix">
  <rows>3</rows>
  <cols>3</cols>
  <dt>d</dt>
  <data>
    3.5272813750855565e-02 -2.5334456462712480e+00
    -1.6169449323789100e+00 -2.1563258530833633e+00
    -1.3928534387974221e+00 1.0020744920930467e+02
    4.7842932924471615e-02 -1.0021111803849452e+02
    -1.3515205120752742e+00</data></E>
<F type_id="opencv-matrix">
  <rows>3</rows>
  <cols>3</cols>
  <dt>d</dt>
  <data>
    -1.2062891405703541e-07 8.6633341018505842e-06
    -3.4247418141191332e-04 7.3498074286696496e-06
    4.7471084159915541e-06 -1.0856115141392014e-01
    -1.7511868680825317e-03 1.0119307250662490e-01 1.</data></F>
<R1 type_id="opencv-matrix">
  <rows>3</rows>
  <cols>3</cols>
  <dt>d</dt>
  <data>
    9.9976848145582009e-01 1.8712714321830734e-04 2.1516237379144907e-02
    -3.3442133141814933e-04 9.9997653507936624e-01
    6.8423280422758234e-03 -2.1514452117042959e-02
    -6.8479394052000887e-03 9.9974508454705890e-01</data></R1>
<R2 type_id="opencv-matrix">
  <rows>3</rows>
  <cols>3</cols>
  <dt>d</dt>
  <data>
    9.9955046918902934e-01 1.5784944273329226e-02
    -2.5489116859532087e-02 -1.5959080459869334e-02
    9.9985057890275264e-01 -6.6428622374416768e-03
    2.5380451037489649e-02 7.0466589330052268e-03 9.9965302845688175e-01</data></R2>
<P1 type_id="opencv-matrix">
  <rows>3</rows>
  <cols>4</cols>
  <dt>d</dt>
  <data>
    3.0757651978686010e+02 0. 3.0655110168457031e+02 0. 0.
    3.0757651978686010e+02 2.3843010711669922e+02 0. 0. 0. 1. 0.</data></P1>
<P2 type_id="opencv-matrix">
  <rows>3</rows>
  <cols>4</cols>
  <dt>d</dt>
  <data>
    3.0757651978686010e+02 0. 3.2937553405761719e+02
    -3.0835411940499624e+04 0. 3.0757651978686010e+02
    2.3843010711669922e+02 0. 0. 0. 1. 0.</data></P2>
<H1 type_id="opencv-matrix">
  <rows>0</rows>
  <cols>0</cols>
  <dt>u</dt>
  <data></data></H1>
<H2 type_id="opencv-matrix">
  <rows>0</rows>
  <cols>0</cols>
  <dt>u</dt>
  <data></data></H2>
<Q type_id="opencv-matrix">
  <rows>4</rows>
  <cols>4</cols>
  <dt>d</dt>
  <data>
    1. 0. 0. -3.0655110168457031e+02 0. 1. 0. -2.3843010711669922e+02 0.
    0. 0. 3.0757651978686010e+02 0. 0. 9.9747822529617381e-03
    2.2766874296859332e-01</data></Q>
<rmsStereo>8.6068519288775480e-01</rmsStereo>
<avgErr>9.7715560595194495e-01</avgErr>
<nframes>25</nframes>
<num_Im>52</num_Im>
</opencv_storage>
