<?xml version="1.0"?>
<opencv_storage>
<M1 type_id="opencv-matrix">
  <rows>3</rows>
  <cols>3</cols>
  <dt>d</dt>
  <data>
    1.4001963139252230e+03 0. 9.5942459467468655e+02 0.
    1.4001963139252230e+03 5.7752419443667702e+02 0. 0. 1.</data></M1>
<D1 type_id="opencv-matrix">
  <rows>1</rows>
  <cols>14</cols>
  <dt>d</dt>
  <data>
    -1.6631634613987503e-01 1.0255000031896298e-01
    5.9327682543666303e-04 -1.1251046558160567e-03
    -5.4538108478458785e-03 0. 0. 0. 0. 0. 0. 0. -1.1711891838266839e-03
    -4.4179050243467544e-03</data></D1>
<M2 type_id="opencv-matrix">
  <rows>3</rows>
  <cols>3</cols>
  <dt>d</dt>
  <data>
    1.3989068652550211e+03 0. 9.6180354663039384e+02 0.
    1.3989068652550211e+03 6.1191110987321792e+02 0. 0. 1.</data></M2>
<D2 type_id="opencv-matrix">
  <rows>1</rows>
  <cols>14</cols>
  <dt>d</dt>
  <data>
    -1.7362767772304613e-01 1.3922214932869609e-01
    -9.6374514331903482e-04 -2.5630488778041553e-06
    -5.5856095160260411e-02 0. 0. 0. 0. 0. 0. 0. 1.5413154074360502e-02
    3.2373680188120747e-03</data></D2>
<imageSize>
  1920 1200</imageSize>
<R type_id="opencv-matrix">
  <rows>3</rows>
  <cols>3</cols>
  <dt>d</dt>
  <data>
    9.9995725092094456e-01 5.8028674019396922e-03 7.1988235526723029e-03
    -5.7015215190516612e-03 9.9988546448049420e-01
    -1.4019649531787895e-02 -7.2793531989315255e-03
    1.3978005957284300e-02 9.9987580547109112e-01</data></R>
<T type_id="opencv-matrix">
  <rows>3</rows>
  <cols>1</cols>
  <dt>d</dt>
  <data>
    -9.9708590444170596e+01 2.4743298740092592e-01
    1.0122383554543872e+00</data></T>
<E type_id="opencv-matrix">
  <rows>3</rows>
  <cols>3</cols>
  <dt>d</dt>
  <data>
    3.9701466576745389e-03 -1.0086637984365627e+00
    2.6159348456372300e-01 2.8638103638618029e-01 1.3996011561768964e+00
    9.9703494108066380e+01 3.2106826418316087e-01
    -9.9698606089781634e+01 1.3960982669184374e+00</data></E>
<F type_id="opencv-matrix">
  <rows>3</rows>
  <cols>3</cols>
  <dt>d</dt>
  <data>
    -1.4072292008697007e-09 3.5752360640790237e-07
    -3.3495812874330248e-04 -1.0150853147929184e-07
    -4.9609240825797774e-07 -4.9099284331271142e-02
    -9.5732839452456275e-05 4.9394883420391306e-02 1.</data></F>
<R1 type_id="opencv-matrix">
  <rows>3</rows>
  <cols>3</cols>
  <dt>d</dt>
  <data>
    9.9999069105797167e-01 3.1795123582824231e-03
    -2.9169330749722936e-03 -3.1998809217562169e-03
    9.9997034505360205e-01 -7.0049821888880041e-03
    2.8945741460391855e-03 7.0142508184115387e-03 9.9997121044856563e-01</data></R1>
<R2 type_id="opencv-matrix">
  <rows>3</rows>
  <cols>3</cols>
  <dt>d</dt>
  <data>
    9.9994539417896133e-01 -2.4814258733112321e-03
    -1.0151413001005090e-02 2.5525235576509112e-03
    9.9997226451583954e-01 6.9967722952517164e-03 1.0133769474847482e-02
    -7.0223019515844240e-03 9.9992399410731780e-01</data></R2>
<P1 type_id="opencv-matrix">
  <rows>3</rows>
  <cols>4</cols>
  <dt>d</dt>
  <data>
    1.3995515895901221e+03 0. 9.7363574218750000e+02 0. 0.
    1.3995515895901221e+03 5.9632097625732422e+02 0. 0. 0. 1. 0.</data></P1>
<P2 type_id="opencv-matrix">
  <rows>3</rows>
  <cols>4</cols>
  <dt>d</dt>
  <data>
    1.3995515895901221e+03 0. 9.7363574218750000e+02
    -1.3955493676383144e+05 0. 1.3995515895901221e+03
    5.9632097625732422e+02 0. 0. 0. 1. 0.</data></P2>
<H1 type_id="opencv-matrix">
  <rows>0</rows>
  <cols>0</cols>
  <dt>u</dt>
  <data></data></H1>
<H2 type_id="opencv-matrix">
  <rows>0</rows>
  <cols>0</cols>
  <dt>u</dt>
  <data></data></H2>
<Q type_id="opencv-matrix">
  <rows>4</rows>
  <cols>4</cols>
  <dt>d</dt>
  <data>
    1. 0. 0. -9.7363574218750000e+02 0. 1. 0. -5.9632097625732422e+02 0.
    0. 0. 1.3995515895901221e+03 0. 0. 1.0028678469172185e-02 0.</data></Q>
<rms>1.9798003038255170e+00</rms>
<avgErr>9.6848427984449603e-01</avgErr>
<nframes>40</nframes>
<num_Im>80</num_Im>
</opencv_storage>
