<?xml version="1.0"?>
<opencv_storage>
<M1 type_id="opencv-matrix">
  <rows>3</rows>
  <cols>3</cols>
  <dt>d</dt>
  <data>
    1.3961362925654037e+03 0. 9.6065514751868591e+02 0.
    1.3961362925654037e+03 5.9260195104752336e+02 0. 0. 1.</data></M1>
<D1 type_id="opencv-matrix">
  <rows>1</rows>
  <cols>14</cols>
  <dt>d</dt>
  <data>
    -1.7448879453448918e-01 1.2991527487697821e-01
    -2.0026602637807172e-03 -1.5099538664763929e-04
    -3.7015111817021995e-02 0. 0. 0. 0. 0. 0. 0. 1.6955363580887717e-02
    -1.0494059184564652e-03</data></D1>
<M2 type_id="opencv-matrix">
  <rows>3</rows>
  <cols>3</cols>
  <dt>d</dt>
  <data>
    1.3931110459091251e+03 0. 9.6241309055602153e+02 0.
    1.3931110459091251e+03 5.9523649346487844e+02 0. 0. 1.</data></M2>
<D2 type_id="opencv-matrix">
  <rows>1</rows>
  <cols>14</cols>
  <dt>d</dt>
  <data>
    -1.6275138547967319e-01 9.2721382827725241e-02
    -6.1412463576269029e-04 7.3005184740300140e-04
    -4.0683265045818795e-03 0. 0. 0. 0. 0. 0. 0. 1.0018658427799528e-02
    7.1808607112910311e-03</data></D2>
<imageSize>
  1920 1200</imageSize>
<R type_id="opencv-matrix">
  <rows>3</rows>
  <cols>3</cols>
  <dt>d</dt>
  <data>
    9.9995022536497735e-01 6.0643002927130568e-03 7.9228185950895244e-03
    -6.1316608028532463e-03 9.9994502685819375e-01
    8.5056450293261206e-03 -7.8708022672183235e-03
    -8.5538017001767948e-03 9.9993243919184083e-01</data></R>
<T type_id="opencv-matrix">
  <rows>3</rows>
  <cols>1</cols>
  <dt>d</dt>
  <data>
    -9.9774699225398649e+01 4.0112223295619343e-01
    1.2460812352115358e+00</data></T>
<E type_id="opencv-matrix">
  <rows>3</rows>
  <cols>3</cols>
  <dt>d</dt>
  <data>
    4.4833936865342466e-03 -1.2494438542493298e+00
    3.9049640814955078e-01 4.6071228309855061e-01
    -8.4589638106940568e-01 9.9777830841666471e+01
    2.1068234511340045e-01 -9.9771646822384184e+01
    -8.5182619320518993e-01</data></E>
<F type_id="opencv-matrix">
  <rows>3</rows>
  <cols>3</cols>
  <dt>d</dt>
  <data>
    -1.1930905740666944e-09 3.3249359515487404e-07
    -3.4097149140854984e-04 -1.2260165418275688e-07
    2.2510425571643079e-07 -3.7086116738194327e-02
    -3.9800597179330277e-06 3.6533891428035307e-02 1.</data></F>
<R1 type_id="opencv-matrix">
  <rows>3</rows>
  <cols>3</cols>
  <dt>d</dt>
  <data>
    9.9998711096526072e-01 2.1508841357730560e-03
    -4.5990869513363643e-03 -2.1313013812125276e-03
    9.9998866072425041e-01 4.2586356198504550e-03 4.6081946328160013e-03
    -4.2487786897763080e-03 9.9998035601799262e-01</data></R1>
<R2 type_id="opencv-matrix">
  <rows>3</rows>
  <cols>3</cols>
  <dt>d</dt>
  <data>
    9.9991394284746105e-01 -4.0199340778055374e-03
    -1.2487875289842854e-02 3.9667766289433531e-03
    9.9998297906582978e-01 -4.2785817515154151e-03
    1.2504862351127213e-02 4.2286769371080663e-03 9.9991286955861358e-01</data></R2>
<P1 type_id="opencv-matrix">
  <rows>3</rows>
  <cols>4</cols>
  <dt>d</dt>
  <data>
    1.3946236692372645e+03 0. 9.7882759094238281e+02 0. 0.
    1.3946236692372645e+03 5.9494352722167969e+02 0. 0. 0. 1. 0.</data></P1>
<P2 type_id="opencv-matrix">
  <rows>3</rows>
  <cols>4</cols>
  <dt>d</dt>
  <data>
    1.3946236692372645e+03 0. 9.7882759094238281e+02
    -1.3916013285555044e+05 0. 1.3946236692372645e+03
    5.9494352722167969e+02 0. 0. 0. 1. 0.</data></P2>
<H1 type_id="opencv-matrix">
  <rows>0</rows>
  <cols>0</cols>
  <dt>u</dt>
  <data></data></H1>
<H2 type_id="opencv-matrix">
  <rows>0</rows>
  <cols>0</cols>
  <dt>u</dt>
  <data></data></H2>
<Q type_id="opencv-matrix">
  <rows>4</rows>
  <cols>4</cols>
  <dt>d</dt>
  <data>
    1. 0. 0. -9.7882759094238281e+02 0. 1. 0. -5.9494352722167969e+02 0.
    0. 0. 1.3946236692372645e+03 0. 0. 1.0021718437743210e-02 0.</data></Q>
<rms>3.2080799040999153e-01</rms>
<avgErr>2.8070717799810718e-01</avgErr>
<nframes>15</nframes>
<num_Im>30</num_Im>
</opencv_storage>
