<?xml version="1.0"?>
<opencv_storage>
<M1 type_id="opencv-matrix">
  <rows>3</rows>
  <cols>3</cols>
  <dt>d</dt>
  <data>
    7.0136255621825478e+02 0. 4.7638822107277787e+02 0.
    7.0136255621825478e+02 2.9484636980905168e+02 0. 0. 1.</data></M1>
<D1 type_id="opencv-matrix">
  <rows>1</rows>
  <cols>14</cols>
  <dt>d</dt>
  <data>
    -1.7349388387563527e-01 1.2896232201676103e-01
    -1.3839577470106787e-03 4.2457664006334225e-04
    -3.7530273764874111e-02 0. 0. 0. 0. 0. 0. 0. 1.3626136563995920e-02
    3.4769059451239693e-03</data></D1>
<M2 type_id="opencv-matrix">
  <rows>3</rows>
  <cols>3</cols>
  <dt>d</dt>
  <data>
    6.9970167163685073e+02 0. 4.7997442994791879e+02 0.
    6.9970167163685073e+02 2.9706994734074897e+02 0. 0. 1.</data></M2>
<D2 type_id="opencv-matrix">
  <rows>1</rows>
  <cols>14</cols>
  <dt>d</dt>
  <data>
    -1.6444201390523644e-01 1.0073091057434450e-01
    -1.1901372805442594e-04 7.9302760849449510e-04
    -1.1560237806537487e-02 0. 0. 0. 0. 0. 0. 0. 8.1181854258282286e-03
    7.6418484611124222e-03</data></D2>
<imageSize>
  960 600</imageSize>
<R type_id="opencv-matrix">
  <rows>3</rows>
  <cols>3</cols>
  <dt>d</dt>
  <data>
    9.9997342579097992e-01 6.0106075773006789e-03 4.1255676461881561e-03
    -6.0409268894944402e-03 9.9995454667171690e-01
    7.3764349706960507e-03 -4.0810432694792448e-03
    -7.4011612002996049e-03 9.9996428331151899e-01</data></R>
<T type_id="opencv-matrix">
  <rows>3</rows>
  <cols>1</cols>
  <dt>d</dt>
  <data>
    -9.9859280307018111e+01 2.4721135055360266e-01
    9.5413043826683508e-01</data></T>
<E type_id="opencv-matrix">
  <rows>3</rows>
  <cols>3</cols>
  <dt>d</dt>
  <data>
    4.7549520022955854e-03 -9.5591672091879065e-01
    2.4016443985136893e-01 5.4657503921313866e-01
    -7.3333972725616503e-01 9.9859649993877809e+01
    3.5603783046472748e-01 -9.9856227260785033e+01
    -7.3762537455484223e-01</data></E>
<F type_id="opencv-matrix">
  <rows>3</rows>
  <cols>3</cols>
  <dt>d</dt>
  <data>
    -5.3551064903210710e-09 1.0765694025780479e-06
    -5.0457405784825433e-04 -6.1556195278621050e-07
    8.2589946883666757e-07 -7.8828030844343103e-02
    -9.5128139038382940e-05 7.7926201910139589e-02 1.</data></F>
<R1 type_id="opencv-matrix">
  <rows>3</rows>
  <cols>3</cols>
  <dt>d</dt>
  <data>
    9.9997866535280699e-01 3.6056635557617312e-03
    -5.4468366545687647e-03 -3.5855808206962879e-03
    9.9998675509603208e-01 3.6923221266110407e-03 5.4600777830684033e-03
    -3.6727132791790611e-03 9.9997834912950567e-01</data></R1>
<R2 type_id="opencv-matrix">
  <rows>3</rows>
  <cols>3</cols>
  <dt>d</dt>
  <data>
    9.9995129264635152e-01 -2.4754765784705279e-03
    -9.5542844106679091e-03 2.4402753553573820e-03
    9.9999019877542594e-01 -3.6942400130556448e-03
    9.5633357716083285e-03 3.6707449916154366e-03 9.9994753274365644e-01</data></R2>
<P1 type_id="opencv-matrix">
  <rows>3</rows>
  <cols>4</cols>
  <dt>d</dt>
  <data>
    7.0053211392755270e+02 0. 4.8491946411132813e+02 0. 0.
    7.0053211392755270e+02 2.9651886367797852e+02 0. 0. 0. 1. 0.</data></P1>
<P2 type_id="opencv-matrix">
  <rows>3</rows>
  <cols>4</cols>
  <dt>d</dt>
  <data>
    7.0053211392755270e+02 0. 4.8491946411132813e+02
    -6.9958040199763986e+04 0. 7.0053211392755270e+02
    2.9651886367797852e+02 0. 0. 0. 1. 0.</data></P2>
<H1 type_id="opencv-matrix">
  <rows>0</rows>
  <cols>0</cols>
  <dt>u</dt>
  <data></data></H1>
<H2 type_id="opencv-matrix">
  <rows>0</rows>
  <cols>0</cols>
  <dt>u</dt>
  <data></data></H2>
<Q type_id="opencv-matrix">
  <rows>4</rows>
  <cols>4</cols>
  <dt>d</dt>
  <data>
    1. 0. 0. -4.8491946411132813e+02 0. 1. 0. -2.9651886367797852e+02 0.
    0. 0. 7.0053211392755270e+02 0. 0. 1.0013604039324076e-02 0.</data></Q>
<rms>1.3834724841869439e-01</rms>
<avgErr>1.1635112762451172e-01</avgErr>
<nframes>15</nframes>
<num_Im>30</num_Im>
</opencv_storage>
