<?xml version="1.0"?>
<opencv_storage>
<M1 type_id="opencv-matrix">
  <rows>3</rows>
  <cols>3</cols>
  <dt>d</dt>
  <data>
    3.0743367029275521e+02 0. 2.1374074303538438e+02 0.
    3.0743367029275521e+02 1.4425548007609069e+02 0. 0. 1.</data></M1>
<D1 type_id="opencv-matrix">
  <rows>1</rows>
  <cols>14</cols>
  <dt>d</dt>
  <data>
    -1.7669960303737609e-01 -1.6590137937390934e-02
    -3.2669532409159527e-02 8.3569133539306371e-03
    7.4361970321864854e-02 0. 0. 0. 0. 0. 0. 0. 1.3950631282092416e-01
    -6.6098354777179319e-02</data></D1>
<M2 type_id="opencv-matrix">
  <rows>3</rows>
  <cols>3</cols>
  <dt>d</dt>
  <data>
    2.9893531461808402e+02 0. 1.9344047426022632e+02 0.
    2.9893531461808402e+02 1.6800940696385351e+02 0. 0. 1.</data></M2>
<D2 type_id="opencv-matrix">
  <rows>1</rows>
  <cols>14</cols>
  <dt>d</dt>
  <data>
    -5.9118825640829882e-02 -2.5590406369594437e-01
    -4.3197531620975511e-02 1.5350312965607132e-02
    2.0953728045631922e-01 0. 0. 0. 0. 0. 0. 0. 2.0651326155071686e-01
    -1.9535248608225787e-02</data></D2>
<imageSize>
  480 300</imageSize>
<R type_id="opencv-matrix">
  <rows>3</rows>
  <cols>3</cols>
  <dt>d</dt>
  <data>
    9.9870715359947027e-01 6.0806460705379629e-03 5.0468278082464034e-02
    -2.7512045924755167e-03 9.9783035470756121e-01
    -6.5780043307015909e-02 -5.0758764982359546e-02
    6.5556151256364950e-02 9.9655704242653276e-01</data></R>
<T type_id="opencv-matrix">
  <rows>3</rows>
  <cols>1</cols>
  <dt>d</dt>
  <data>
    -9.2754869942676478e+01 1.0443683037515099e+00
    -3.6112239019938137e+00</data></T>
<E type_id="opencv-matrix">
  <rows>3</rows>
  <cols>3</cols>
  <dt>d</dt>
  <data>
    -6.2946061068771111e-02 3.6718535935429979e+00
    8.0322612332613552e-01 -8.3146777885602550e+00
    6.0586937092970672e+00 9.2253266608627513e+01
    -7.8783047178841670e-01 -9.2559975209776965e+01
    6.0487118917916449e+00</data></E>
<F type_id="opencv-matrix">
  <rows>3</rows>
  <cols>3</cols>
  <dt>d</dt>
  <data>
    2.3575876915205093e-07 -1.3752594984052313e-05
    1.0086092010830679e-03 3.1141872391112785e-05
    -2.2692288402487590e-05 -1.0960920395188591e-01
    -4.3956501205488843e-03 1.1010622711743266e-01 1.</data></F>
<R1 type_id="opencv-matrix">
  <rows>3</rows>
  <cols>3</cols>
  <dt>d</dt>
  <data>
    9.9594433067887711e-01 -2.5999383553202515e-03
    8.9934034209257510e-02 5.5408827152713027e-03 9.9945745100674865e-01
    -3.2466940814130270e-02 -8.9800828544835676e-02
    3.2833579573984389e-02 9.9541838803842664e-01</data></R1>
<R2 type_id="opencv-matrix">
  <rows>3</rows>
  <cols>3</cols>
  <dt>d</dt>
  <data>
    9.9917973417843764e-01 -1.1250208692780313e-02
    3.8901048976543076e-02 9.9725156296367589e-03 9.9940941552400608e-01
    3.2884176954593287e-02 -3.9248028474347149e-02
    -3.2469261869239388e-02 9.9870182702072963e-01</data></R2>
<P1 type_id="opencv-matrix">
  <rows>3</rows>
  <cols>4</cols>
  <dt>d</dt>
  <data>
    3.0318449245541962e+02 0. 1.9144573974609375e+02 0. 0.
    3.0318449245541962e+02 1.4518273639678955e+02 0. 0. 0. 1. 0.</data></P1>
<P2 type_id="opencv-matrix">
  <rows>3</rows>
  <cols>4</cols>
  <dt>d</dt>
  <data>
    3.0318449245541962e+02 0. 1.9144573974609375e+02
    -2.8144924485945096e+04 0. 3.0318449245541962e+02
    1.4518273639678955e+02 0. 0. 0. 1. 0.</data></P2>
<H1 type_id="opencv-matrix">
  <rows>0</rows>
  <cols>0</cols>
  <dt>u</dt>
  <data></data></H1>
<H2 type_id="opencv-matrix">
  <rows>0</rows>
  <cols>0</cols>
  <dt>u</dt>
  <data></data></H2>
<Q type_id="opencv-matrix">
  <rows>4</rows>
  <cols>4</cols>
  <dt>d</dt>
  <data>
    1. 0. 0. -1.9144573974609375e+02 0. 1. 0. -1.4518273639678955e+02 0.
    0. 0. 3.0318449245541962e+02 0. 0. 1.0772261713007001e-02 0.</data></Q>
<rms>5.0376069062702227e+00</rms>
<avgErr>2.7284472896939231e+00</avgErr>
<nframes>14</nframes>
<num_Im>30</num_Im>
</opencv_storage>
