<?xml version="1.0"?>
<opencv_storage>
<M1 type_id="opencv-matrix">
  <rows>3</rows>
  <cols>3</cols>
  <dt>d</dt>
  <data>
    9.8677081470750056e+02 0. 3.8511386810774303e+02 0.
    9.8677081470750056e+02 8.7906011458622402e+01 0. 0. 1.</data></M1>
<D1 type_id="opencv-matrix">
  <rows>1</rows>
  <cols>14</cols>
  <dt>d</dt>
  <data>
    -1.7660723613853024e+00 -2.1344269099385538e+00
    1.0069055763995946e-01 -9.6443971547332003e-02
    2.8744947401188835e+01 0. 0. 0. 0. 0. 0. 0. -7.2023636969122201e-02
    -5.7832015559592542e-01</data></D1>
<M2 type_id="opencv-matrix">
  <rows>3</rows>
  <cols>3</cols>
  <dt>d</dt>
  <data>
    1.4900082491976306e+02 0. 5.3558609642530905e+02 0.
    1.4900082491976306e+02 -2.1365415311736655e+01 0. 0. 1.</data></M2>
<D2 type_id="opencv-matrix">
  <rows>1</rows>
  <cols>14</cols>
  <dt>d</dt>
  <data>
    7.7220630197463402e-01 5.7862205098624064e-01 2.2228529331864635e-01
    -2.1887512174432336e-01 -1.3238205810787829e-01 0. 0. 0. 0. 0. 0. 0.
    -2.7212970256346092e-01 -1.6324036208827319e-01</data></D2>
<imageSize>
  720 450</imageSize>
<R type_id="opencv-matrix">
  <rows>3</rows>
  <cols>3</cols>
  <dt>d</dt>
  <data>
    9.9508228299581480e-01 -8.7207883956458898e-02
    4.6968447320238083e-02 8.7090518020782937e-02 9.9619004193243554e-01
    4.5433495929721786e-03 -4.7185715409526915e-02
    -4.3050027767146818e-04 9.9888604101308875e-01</data></R>
<T type_id="opencv-matrix">
  <rows>3</rows>
  <cols>1</cols>
  <dt>d</dt>
  <data>
    -2.4844342142014236e+02 6.8905293244645009e+01
    -8.2878854679208143e+02</data></T>
<E type_id="opencv-matrix">
  <rows>3</rows>
  <cols>3</cols>
  <dt>d</dt>
  <data>
    6.8928278312562441e+01 8.2560123343405098e+02 7.2594011680717188e+01
    -8.3643577984114813e+02 7.2169940451179016e+01
    2.0923975443849187e+02 -9.0203502782713329e+01
    -2.4148777758510460e+02 -4.3651399534324851e+00</data></E>
<F type_id="opencv-matrix">
  <rows>3</rows>
  <cols>3</cols>
  <dt>d</dt>
  <data>
    2.0528420876818331e-06 2.4588296721268384e-05
    -8.1862273300293024e-04 -2.4910974342267038e-05
    2.1493862149269783e-06 1.5553817597454668e-02
    -2.0319927962213387e-03 -1.4194850116309962e-02 1.</data></F>
<R1 type_id="opencv-matrix">
  <rows>3</rows>
  <cols>3</cols>
  <dt>d</dt>
  <data>
    2.3285934849611734e-01 -1.0445793162873837e-01
    9.6688420420327970e-01 1.3403990669645957e-01 9.8817334638918553e-01
    7.4476445261593777e-02 -9.6322885506548661e-01
    1.1225853199576670e-01 2.4410693305063508e-01</data></R1>
<R2 type_id="opencv-matrix">
  <rows>3</rows>
  <cols>3</cols>
  <dt>d</dt>
  <data>
    2.8623681710813736e-01 -7.9387217047281272e-02
    9.5486446907469047e-01 5.0702272843152915e-02 9.9642042481287529e-01
    6.7643303765174648e-02 -9.5681647355192478e-01
    2.9051794870834841e-02 2.8923732323896534e-01</data></R2>
<P1 type_id="opencv-matrix">
  <rows>3</rows>
  <cols>4</cols>
  <dt>d</dt>
  <data>
    5.6788581981363177e+02 0. 3.3420830543041229e+03 0. 0.
    5.6788581981363177e+02 1.5923133555650711e+03 0. 0. 0. 1. 0.</data></P1>
<P2 type_id="opencv-matrix">
  <rows>3</rows>
  <cols>4</cols>
  <dt>d</dt>
  <data>
    5.6788581981363177e+02 0. 3.3420830543041229e+03
    -4.9290478239624848e+05 0. 5.6788581981363177e+02
    1.5923133555650711e+03 0. 0. 0. 1. 0.</data></P2>
<H1 type_id="opencv-matrix">
  <rows>0</rows>
  <cols>0</cols>
  <dt>u</dt>
  <data></data></H1>
<H2 type_id="opencv-matrix">
  <rows>0</rows>
  <cols>0</cols>
  <dt>u</dt>
  <data></data></H2>
<Q type_id="opencv-matrix">
  <rows>4</rows>
  <cols>4</cols>
  <dt>d</dt>
  <data>
    1. 0. 0. -3.3420830543041229e+03 0. 1. 0. -1.5923133555650711e+03 0.
    0. 0. 5.6788581981363177e+02 0. 0. 1.1521207342579721e-03 0.</data></Q>
<rms>2.7976562595316590e+01</rms>
<avgErr>6.6407057821014774e+01</avgErr>
<nframes>15</nframes>
<num_Im>30</num_Im>
</opencv_storage>
