<?xml version="1.0"?>
<opencv_storage>
<M1 type_id="opencv-matrix">
  <rows>3</rows>
  <cols>3</cols>
  <dt>d</dt>
  <data>
    1.0496314907561020e+03 0. 7.1728828361225487e+02 0.
    1.0496314907561020e+03 4.4285009811833476e+02 0. 0. 1.</data></M1>
<D1 type_id="opencv-matrix">
  <rows>1</rows>
  <cols>14</cols>
  <dt>d</dt>
  <data>
    -1.7311160324042962e-01 1.2692857027870838e-01
    -1.6095269119918664e-03 1.7292836035516526e-04
    -3.5022947007265659e-02 0. 0. 0. 0. 0. 0. 0. 1.4610354780885135e-02
    1.5317823077609632e-03</data></D1>
<M2 type_id="opencv-matrix">
  <rows>3</rows>
  <cols>3</cols>
  <dt>d</dt>
  <data>
    1.0473298797000525e+03 0. 7.2100012240625301e+02 0.
    1.0473298797000525e+03 4.4623433806697250e+02 0. 0. 1.</data></M2>
<D2 type_id="opencv-matrix">
  <rows>1</rows>
  <cols>14</cols>
  <dt>d</dt>
  <data>
    -1.6341907740732922e-01 9.6387275939466388e-02
    -3.3612259227335347e-04 7.4830239705907914e-04
    -7.4012489450636732e-03 0. 0. 0. 0. 0. 0. 0. 9.0275044090127633e-03
    7.3647640539911173e-03</data></D2>
<imageSize>
  1440 900</imageSize>
<R type_id="opencv-matrix">
  <rows>3</rows>
  <cols>3</cols>
  <dt>d</dt>
  <data>
    9.9996555378390406e-01 6.0446210399880780e-03 5.6880402717464657e-03
    -6.0858034784836241e-03 9.9995519241373743e-01
    7.2509420647669052e-03 -5.6439562074269128e-03
    -7.2853085925211839e-03 9.9995753411684463e-01</data></R>
<T type_id="opencv-matrix">
  <rows>3</rows>
  <cols>1</cols>
  <dt>d</dt>
  <data>
    -9.9826133541738642e+01 3.1602665261034768e-01
    1.1055524520561941e+00</data></T>
<E type_id="opencv-matrix">
  <rows>3</rows>
  <cols>3</cols>
  <dt>d</dt>
  <data>
    4.9445343706571660e-03 -1.1078052666070586e+00
    3.0799693548002349e-01 5.4210004389120137e-01
    -7.2058154283728637e-01 9.9828182763685632e+01
    2.9150646406390407e-01 -9.9823570835002286e+01
    -7.2563108318782410e-01</data></E>
<F type_id="opencv-matrix">
  <rows>3</rows>
  <cols>3</cols>
  <dt>d</dt>
  <data>
    -2.4377544973897087e-09 5.4617018883103400e-07
    -3.9950808351963692e-04 -2.6726618139683319e-07
    3.5526113585375771e-07 -5.1625642133613106e-02
    -2.9499738195457307e-05 5.0992042655947471e-02 1.</data></F>
<R1 type_id="opencv-matrix">
  <rows>3</rows>
  <cols>3</cols>
  <dt>d</dt>
  <data>
    9.9998099264937579e-01 2.9594790249919821e-03
    -5.4088653033431298e-03 -2.9398700815760014e-03
    9.9998909117500989e-01 3.6296962519125663e-03 5.4195483089027451e-03
    -3.6137258997226561e-03 9.9997878451557620e-01</data></R1>
<R2 type_id="opencv-matrix">
  <rows>3</rows>
  <cols>3</cols>
  <dt>d</dt>
  <data>
    9.9993367017352341e-01 -3.1655607545414120e-03
    -1.1074045259832601e-02 3.1254321445423582e-03
    9.9998849426634961e-01 -3.6390945066988689e-03
    1.1085437619569861e-02 3.6042419491665273e-03 9.9993205894838399e-01</data></R2>
<P1 type_id="opencv-matrix">
  <rows>3</rows>
  <cols>4</cols>
  <dt>d</dt>
  <data>
    1.0484806852280772e+03 0. 7.3097140502929688e+02 0. 0.
    1.0484806852280772e+03 4.4532473754882813e+02 0. 0. 0. 1. 0.</data></P1>
<P2 type_id="opencv-matrix">
  <rows>3</rows>
  <cols>4</cols>
  <dt>d</dt>
  <data>
    1.0484806852280772e+03 0. 7.3097140502929688e+02
    -1.0467271582258902e+05 0. 1.0484806852280772e+03
    4.4532473754882813e+02 0. 0. 0. 1. 0.</data></P2>
<H1 type_id="opencv-matrix">
  <rows>0</rows>
  <cols>0</cols>
  <dt>u</dt>
  <data></data></H1>
<H2 type_id="opencv-matrix">
  <rows>0</rows>
  <cols>0</cols>
  <dt>u</dt>
  <data></data></H2>
<Q type_id="opencv-matrix">
  <rows>4</rows>
  <cols>4</cols>
  <dt>d</dt>
  <data>
    1. 0. 0. -7.3097140502929688e+02 0. 1. 0. -4.4532473754882813e+02 0.
    0. 0. 1.0484806852280772e+03 0. 0. 1.0016752474495445e-02 0.</data></Q>
<rms>2.1485670358808115e-01</rms>
<avgErr>1.7850400194709684e-01</avgErr>
<nframes>15</nframes>
<num_Im>30</num_Im>
</opencv_storage>
