<?xml version="1.0"?>
<opencv_storage>
<M1 type_id="opencv-matrix">
  <rows>3</rows>
  <cols>3</cols>
  <dt>d</dt>
  <data>
    6.8685188918117490e+02 0. 3.2700901661943720e+02 0.
    6.8685188918117490e+02 2.2594582074157867e+02 0. 0. 1.</data></M1>
<D1 type_id="opencv-matrix">
  <rows>1</rows>
  <cols>14</cols>
  <dt>d</dt>
  <data>
    7.7883742832647804e-02 3.1631713589925003e-01 4.4886705762726469e-03
    -7.2133682233665982e-03 -2.7040235904080878e-01 0. 0. 0. 0. 0. 0. 0.
    -3.3154195925945264e-03 3.1099677634327409e-02</data></D1>
<M2 type_id="opencv-matrix">
  <rows>3</rows>
  <cols>3</cols>
  <dt>d</dt>
  <data>
    6.9060064469750216e+02 0. 3.6529858077999995e+02 0.
    6.9060064469750216e+02 2.2787610951081629e+02 0. 0. 1.</data></M2>
<D2 type_id="opencv-matrix">
  <rows>1</rows>
  <cols>14</cols>
  <dt>d</dt>
  <data>
    3.4350977102649824e-02 3.6999057079309572e-01 5.8006722611668527e-03
    -2.1198875370616178e-03 8.0778466776393540e-02 0. 0. 0. 0. 0. 0. 0.
    -1.2735624719022001e-02 -1.7867435733281416e-02</data></D2>
<imageSize>
  720 450</imageSize>
<R type_id="opencv-matrix">
  <rows>3</rows>
  <cols>3</cols>
  <dt>d</dt>
  <data>
    9.9885906946131242e-01 4.0757564060290401e-03
    -4.7580958004225689e-02 -3.8149301949444050e-03
    9.9997720342730068e-01 5.5712595813279756e-03 4.7602580418385686e-02
    -5.3833851277379895e-03 9.9885184762409973e-01</data></R>
<T type_id="opencv-matrix">
  <rows>3</rows>
  <cols>1</cols>
  <dt>d</dt>
  <data>
    -1.0121012510274569e+02 2.1494632570832178e-01
    2.6993786846598100e+00</data></T>
<E type_id="opencv-matrix">
  <rows>3</rows>
  <cols>3</cols>
  <dt>d</dt>
  <data>
    2.0529941006864932e-02 -2.7004742869304623e+00
    1.9966059521322527e-01 7.5141620004413276e+00
    -5.3385107228832196e-01 1.0096548143331151e+02
    1.7140847540742277e-01 -1.0120869392763484e+02
    -5.5364052710938472e-01</data></E>
<F type_id="opencv-matrix">
  <rows>3</rows>
  <cols>3</cols>
  <dt>d</dt>
  <data>
    -4.1224330020693639e-07 5.4225797911252190e-05
    -1.4871015185234411e-02 -1.5088513602234279e-04
    1.0719783743438867e-05 -1.3456028324410625e+00
    3.2156731594725006e-02 1.3812430767433743e+00 1.</data></F>
<R1 type_id="opencv-matrix">
  <rows>3</rows>
  <cols>3</cols>
  <dt>d</dt>
  <data>
    9.9724068570852453e-01 2.0948725233354108e-03
    -7.4206645771809632e-02 -1.8952271149864015e-03
    9.9999439327552475e-01 2.7607121721940509e-03 7.4212013055666923e-02
    -2.6124560524637347e-03 9.9723906471397283e-01</data></R1>
<R2 type_id="opencv-matrix">
  <rows>3</rows>
  <cols>3</cols>
  <dt>d</dt>
  <data>
    9.9964226484198748e-01 -2.1230033223691783e-03
    -2.6661492802820767e-02 2.0513114319656682e-03
    9.9999420763392743e-01 -2.7160301917785777e-03
    2.6667104510815214e-02 2.6603675473090642e-03 9.9964082948903321e-01</data></R2>
<P1 type_id="opencv-matrix">
  <rows>3</rows>
  <cols>4</cols>
  <dt>d</dt>
  <data>
    6.8872626693933853e+02 0. 3.8762969589233398e+02 0. 0.
    6.8872626693933853e+02 2.2788966560363770e+02 0. 0. 0. 1. 0.</data></P1>
<P2 type_id="opencv-matrix">
  <rows>3</rows>
  <cols>4</cols>
  <dt>d</dt>
  <data>
    6.8872626693933853e+02 0. 3.8762969589233398e+02
    -6.9731016874817564e+04 0. 6.8872626693933853e+02
    2.2788966560363770e+02 0. 0. 0. 1. 0.</data></P2>
<H1 type_id="opencv-matrix">
  <rows>0</rows>
  <cols>0</cols>
  <dt>u</dt>
  <data></data></H1>
<H2 type_id="opencv-matrix">
  <rows>0</rows>
  <cols>0</cols>
  <dt>u</dt>
  <data></data></H2>
<Q type_id="opencv-matrix">
  <rows>4</rows>
  <cols>4</cols>
  <dt>d</dt>
  <data>
    1. 0. 0. -3.8762969589233398e+02 0. 1. 0. -2.2788966560363770e+02 0.
    0. 0. 6.8872626693933853e+02 0. 0. 9.8768998045124304e-03 0.</data></Q>
<rms>2.4749043854007982e-01</rms>
<avgErr>2.5206923106360057e-01</avgErr>
<nframes>14</nframes>
<num_Im>30</num_Im>
</opencv_storage>
