<?xml version="1.0"?>
<opencv_storage>
<M1 type_id="opencv-matrix">
  <rows>3</rows>
  <cols>3</cols>
  <dt>d</dt>
  <data>
    9.1576633674598543e+02 0. 4.3449818518610448e+02 0.
    9.1576633674598543e+02 3.0124043450525272e+02 0. 0. 1.</data></M1>
<D1 type_id="opencv-matrix">
  <rows>1</rows>
  <cols>14</cols>
  <dt>d</dt>
  <data>
    7.8424625991115951e-02 3.0215067131543993e-01 4.6322372734436809e-03
    -7.3590091986371672e-03 -2.4820555535108141e-01 0. 0. 0. 0. 0. 0. 0.
    -4.0811725149885051e-03 3.2944521413177406e-02</data></D1>
<M2 type_id="opencv-matrix">
  <rows>3</rows>
  <cols>3</cols>
  <dt>d</dt>
  <data>
    9.2070592692731930e+02 0. 4.8680508797347665e+02 0.
    9.2070592692731930e+02 3.0665775981489583e+02 0. 0. 1.</data></M2>
<D2 type_id="opencv-matrix">
  <rows>1</rows>
  <cols>14</cols>
  <dt>d</dt>
  <data>
    3.5520427251944604e-02 3.5900909551905230e-01 6.3010687638889390e-03
    -2.0696740475247108e-03 1.0284352363964752e-01 0. 0. 0. 0. 0. 0. 0.
    -1.0360938088253625e-02 -1.7155791677062614e-02</data></D2>
<imageSize>
  960 600</imageSize>
<R type_id="opencv-matrix">
  <rows>3</rows>
  <cols>3</cols>
  <dt>d</dt>
  <data>
    9.9879256286460261e-01 3.9914364025967868e-03
    -4.8964117492330955e-02 -3.8746641773859621e-03
    9.9998941937758468e-01 2.4795383428147192e-03 4.8973496341095019e-02
    -2.2868249441161037e-03 9.9879746049326923e-01</data></R>
<T type_id="opencv-matrix">
  <rows>3</rows>
  <cols>1</cols>
  <dt>d</dt>
  <data>
    -1.0120078663372315e+02 2.2612650251184119e-01
    2.8598868581562562e+00</data></T>
<E type_id="opencv-matrix">
  <rows>3</rows>
  <cols>3</cols>
  <dt>d</dt>
  <data>
    2.2155306604063202e-02 -2.8603737104997293e+00
    2.1876337733814150e-01 7.8125900784832618e+00
    -2.2001342672521668e-01 1.0093905685354633e+02
    1.6626559371755634e-01 -1.0120061843596537e+02
    -2.3985914614420822e-01</data></E>
<F type_id="opencv-matrix">
  <rows>3</rows>
  <cols>3</cols>
  <dt>d</dt>
  <data>
    -5.7660211857465518e-07 7.4442550981755151e-05
    -2.7388414598973111e-02 -2.0332627624221753e-04
    5.7259513592722704e-06 -2.3190850777828351e+00
    5.8648250608642170e-02 2.3869538864786968e+00 1.</data></F>
<R1 type_id="opencv-matrix">
  <rows>3</rows>
  <cols>3</cols>
  <dt>d</dt>
  <data>
    9.9701673465910501e-01 1.8209189166173497e-03
    -7.7164208438854312e-02 -1.7331120471355502e-03
    9.9999777229819353e-01 1.2048739694286948e-03 7.7166230517810852e-02
    -1.0675452914224929e-03 9.9701766945963544e-01</data></R1>
<R2 type_id="opencv-matrix">
  <rows>3</rows>
  <cols>3</cols>
  <dt>d</dt>
  <data>
    9.9959844507931761e-01 -2.2335369893927248e-03
    -2.8248184145668400e-02 2.2014124969736309e-03
    9.9999689445771867e-01 -1.1682713453710512e-03
    2.8250705797001705e-02 1.1056163146685402e-03 9.9960025772032290e-01</data></R2>
<P1 type_id="opencv-matrix">
  <rows>3</rows>
  <cols>4</cols>
  <dt>d</dt>
  <data>
    9.1823613183665236e+02 0. 5.1838454818725586e+02 0. 0.
    9.1823613183665236e+02 3.0533098220825195e+02 0. 0. 0. 1. 0.</data></P1>
<P2 type_id="opencv-matrix">
  <rows>3</rows>
  <cols>4</cols>
  <dt>d</dt>
  <data>
    9.1823613183665236e+02 0. 5.1838454818725586e+02
    -9.2963548827852268e+04 0. 9.1823613183665236e+02
    3.0533098220825195e+02 0. 0. 0. 1. 0.</data></P2>
<H1 type_id="opencv-matrix">
  <rows>0</rows>
  <cols>0</cols>
  <dt>u</dt>
  <data></data></H1>
<H2 type_id="opencv-matrix">
  <rows>0</rows>
  <cols>0</cols>
  <dt>u</dt>
  <data></data></H2>
<Q type_id="opencv-matrix">
  <rows>4</rows>
  <cols>4</cols>
  <dt>d</dt>
  <data>
    1. 0. 0. -5.1838454818725586e+02 0. 1. 0. -3.0533098220825195e+02 0.
    0. 0. 9.1823613183665236e+02 0. 0. 9.8773782134438590e-03 0.</data></Q>
<rms>3.2761396160719480e-01</rms>
<avgErr>3.3212247979704035e-01</avgErr>
<nframes>14</nframes>
<num_Im>30</num_Im>
</opencv_storage>
