<?xml version="1.0"?>
<opencv_storage>
<M1 type_id="opencv-matrix">
  <rows>3</rows>
  <cols>3</cols>
  <dt>d</dt>
  <data>
    4.0814212213350919e+02 0. 2.3609463217816904e+02 0.
    4.0814212213350919e+02 8.8216780482608428e+01 0. 0. 1.</data></M1>
<D1 type_id="opencv-matrix">
  <rows>1</rows>
  <cols>14</cols>
  <dt>d</dt>
  <data>
    4.6184806933362660e-01 -6.1771675614979538e-01
    -5.4019475507927205e-02 -2.0263053174190540e-02
    7.3591527088308906e-01 0. 0. 0. 0. 0. 0. 0. -1.6699863372908313e-01
    2.1372989623805159e-02</data></D1>
<M2 type_id="opencv-matrix">
  <rows>3</rows>
  <cols>3</cols>
  <dt>d</dt>
  <data>
    4.2610893779265513e+02 0. 2.5308196430901296e+02 0.
    4.2610893779265513e+02 8.6253143529849822e+01 0. 0. 1.</data></M2>
<D2 type_id="opencv-matrix">
  <rows>1</rows>
  <cols>14</cols>
  <dt>d</dt>
  <data>
    -1.8247731868508385e-01 1.5286343532331021e+00
    -2.6310921882141021e-02 -1.1143061156779157e-02
    -1.5348750198241854e+00 0. 0. 0. 0. 0. 0. 0. -1.9260809417395808e-01
    -1.2233429285939927e-01</data></D2>
<imageSize>
  480 300</imageSize>
<R type_id="opencv-matrix">
  <rows>3</rows>
  <cols>3</cols>
  <dt>d</dt>
  <data>
    9.9860868893738031e-01 -4.6248549870795755e-03
    -5.2529011937357137e-02 5.0037894969359609e-03
    9.9996238461190690e-01 7.0845925739721665e-03 5.2494270824889805e-02
    -7.3375798201664151e-03 9.9859426768480197e-01</data></R>
<T type_id="opencv-matrix">
  <rows>3</rows>
  <cols>1</cols>
  <dt>d</dt>
  <data>
    -9.2257317166671157e+01 7.3572173392055251e-01
    2.1747123492014149e+00</data></T>
<E type_id="opencv-matrix">
  <rows>3</rows>
  <cols>3</cols>
  <dt>d</dt>
  <data>
    2.7739373140392029e-02 -2.1800289635004821e+00
    7.1928055514450895e-01 7.0146672407769461e+00
    -6.8700315795852651e-01 9.2013392583664981e+01
    -1.1963343107872180e+00 -9.2250444265551280e+01
    -6.1495876834990748e-01</data></E>
<F type_id="opencv-matrix">
  <rows>3</rows>
  <cols>3</cols>
  <dt>d</dt>
  <data>
    1.0743153438706507e-07 -8.4430118651841302e-06
    1.8564104996979787e-03 2.7167032977901574e-05
    -2.6606875005683949e-06 1.3926532539718356e-01
    -4.3447091246667886e-03 -1.4987214564147922e-01 1.</data></F>
<R1 type_id="opencv-matrix">
  <rows>3</rows>
  <cols>3</cols>
  <dt>d</dt>
  <data>
    9.9702272388599011e-01 -1.2422416900896616e-02
    -7.6101061840825115e-02 1.2691282221442847e-02
    9.9991480960062074e-01 3.0503929140275822e-03 7.6056685508484129e-02
    -4.0071311052396804e-03 9.9709544352071389e-01</data></R1>
<R2 type_id="opencv-matrix">
  <rows>3</rows>
  <cols>3</cols>
  <dt>d</dt>
  <data>
    9.9969052060320218e-01 -7.9722028104657425e-03
    -2.3564952757166666e-02 7.8889295804587881e-03
    9.9996231271266633e-01 -3.6246302446289510e-03
    2.3592960945444233e-02 3.4376062433791096e-03 9.9971573712588035e-01</data></R2>
<P1 type_id="opencv-matrix">
  <rows>3</rows>
  <cols>4</cols>
  <dt>d</dt>
  <data>
    4.1712552996308216e+02 0. 2.7467191696166992e+02 0. 0.
    4.1712552996308216e+02 7.6376029014587402e+01 0. 0. 0. 1. 0.</data></P1>
<P2 type_id="opencv-matrix">
  <rows>3</rows>
  <cols>4</cols>
  <dt>d</dt>
  <data>
    4.1712552996308216e+02 0. 2.7467191696166992e+02
    -3.8494795662261276e+04 0. 4.1712552996308216e+02
    7.6376029014587402e+01 0. 0. 0. 1. 0.</data></P2>
<H1 type_id="opencv-matrix">
  <rows>0</rows>
  <cols>0</cols>
  <dt>u</dt>
  <data></data></H1>
<H2 type_id="opencv-matrix">
  <rows>0</rows>
  <cols>0</cols>
  <dt>u</dt>
  <data></data></H2>
<Q type_id="opencv-matrix">
  <rows>4</rows>
  <cols>4</cols>
  <dt>d</dt>
  <data>
    1. 0. 0. -2.7467191696166992e+02 0. 1. 0. -7.6376029014587402e+01 0.
    0. 0. 4.1712552996308216e+02 0. 0. 1.0835894119890470e-02 0.</data></Q>
<rms>3.7697363247023632e+00</rms>
<avgErr>2.1952778902003374e+00</avgErr>
<nframes>14</nframes>
<num_Im>30</num_Im>
</opencv_storage>
