<?xml version="1.0"?>
<opencv_storage>
<M1 type_id="opencv-matrix">
  <rows>3</rows>
  <cols>3</cols>
  <dt>d</dt>
  <data>
    1.8256771172317135e+03 0. 9.9335760147574194e+02 0.
    1.8256771172317135e+03 5.5608979296252153e+02 0. 0. 1.</data></M1>
<D1 type_id="opencv-matrix">
  <rows>1</rows>
  <cols>14</cols>
  <dt>d</dt>
  <data>
    1.7211535267672276e-01 -5.7735414795315365e-01
    -4.5104294143692696e-03 4.4161952616460828e-03
    2.0247812330865957e+00 0. 0. 0. 0. 0. 0. 0. -1.1961919403553728e-02
    -1.9205226495594068e-02</data></D1>
<M2 type_id="opencv-matrix">
  <rows>3</rows>
  <cols>3</cols>
  <dt>d</dt>
  <data>
    1.8491742396491479e+03 0. 9.9719290703153888e+02 0.
    1.8491742396491479e+03 6.1723225639330087e+02 0. 0. 1.</data></M2>
<D2 type_id="opencv-matrix">
  <rows>1</rows>
  <cols>14</cols>
  <dt>d</dt>
  <data>
    -9.9544460929092096e-02 1.0849402418150853e+00
    4.1581109117703489e-03 2.0512256610633850e-04
    -1.1606736070765502e+00 0. 0. 0. 0. 0. 0. 0. 7.2367253955539753e-03
    -1.7264019840302527e-02</data></D2>
<imageSize>
  1920 1200</imageSize>
<R type_id="opencv-matrix">
  <rows>3</rows>
  <cols>3</cols>
  <dt>d</dt>
  <data>
    9.9996511386938247e-01 6.1289949432375449e-03 5.6750740240724545e-03
    -5.9782566351069500e-03 9.9963863653984653e-01
    -2.6207952693055949e-02 -5.8336516692148368e-03
    2.6173111350055945e-02 9.9964040372048779e-01</data></R>
<T type_id="opencv-matrix">
  <rows>3</rows>
  <cols>1</cols>
  <dt>d</dt>
  <data>
    -1.0100843178742754e+02 6.7536863058330032e-01
    1.6938924155313571e+00</data></T>
<E type_id="opencv-matrix">
  <rows>3</rows>
  <cols>3</cols>
  <dt>d</dt>
  <data>
    6.1866582331700651e-03 -1.6756038063363614e+00
    7.1951922282981540e-01 1.1045853154777969e+00 2.6540867905160512e+00
    1.0098172249600437e+02 -7.1490742050102307e-02
    -1.0097607036193382e+02 2.6433914349125733e+00</data></E>
<F type_id="opencv-matrix">
  <rows>3</rows>
  <cols>3</cols>
  <dt>d</dt>
  <data>
    -3.9968332894792552e-09 1.0825083301412139e-06
    -1.4466469887469526e-03 -7.1360711931705049e-07
    -1.7146482054927027e-06 -1.1744171912439920e-01
    5.2985278230374743e-04 1.2060911131202924e-01 9.9999999999999989e-01</data></F>
<R1 type_id="opencv-matrix">
  <rows>3</rows>
  <cols>3</cols>
  <dt>d</dt>
  <data>
    9.9993997201390783e-01 -9.9360506885356114e-04
    -1.0911696375565275e-02 8.5044812898061120e-04
    9.9991361468333373e-01 -1.3116398472504358e-02
    1.0923786285225888e-02 1.3106331289752667e-02 9.9985443689234987e-01</data></R1>
<R2 type_id="opencv-matrix">
  <rows>3</rows>
  <cols>3</cols>
  <dt>d</dt>
  <data>
    9.9983707349233242e-01 -6.6851705662760033e-03
    -1.6767079793103216e-02 6.9044474159430094e-03
    9.9989095219317803e-01 1.3054207294979631e-02 1.6677981777450505e-02
    -1.3167847839325090e-02 9.9977420086093016e-01</data></R2>
<P1 type_id="opencv-matrix">
  <rows>3</rows>
  <cols>4</cols>
  <dt>d</dt>
  <data>
    1.8374256784404306e+03 0. 1.0301748504638672e+03 0. 0.
    1.8374256784404306e+03 5.8851401519775391e+02 0. 0. 0. 1. 0.</data></P1>
<P2 type_id="opencv-matrix">
  <rows>3</rows>
  <cols>4</cols>
  <dt>d</dt>
  <data>
    1.8374256784404306e+03 0. 1.0301748504638672e+03
    -1.8562572965708430e+05 0. 1.8374256784404306e+03
    5.8851401519775391e+02 0. 0. 0. 1. 0.</data></P2>
<H1 type_id="opencv-matrix">
  <rows>0</rows>
  <cols>0</cols>
  <dt>u</dt>
  <data></data></H1>
<H2 type_id="opencv-matrix">
  <rows>0</rows>
  <cols>0</cols>
  <dt>u</dt>
  <data></data></H2>
<Q type_id="opencv-matrix">
  <rows>4</rows>
  <cols>4</cols>
  <dt>d</dt>
  <data>
    1. 0. 0. -1.0301748504638672e+03 0. 1. 0. -5.8851401519775391e+02 0.
    0. 0. 1.8374256784404306e+03 0. 0. 9.8985506041366078e-03 0.</data></Q>
<rms>1.4166593436660868e+00</rms>
<avgErr>2.0819826824674883e+00</avgErr>
<nframes>45</nframes>
<num_Im>100</num_Im>
</opencv_storage>
