<?xml version="1.0"?>
<opencv_storage>
<M1 type_id="opencv-matrix">
  <rows>3</rows>
  <cols>3</cols>
  <dt>d</dt>
  <data>
    1.3758442429281520e+03 0. 6.4182216211786670e+02 0.
    1.3758442429281520e+03 4.3654865685218795e+02 0. 0. 1.</data></M1>
<D1 type_id="opencv-matrix">
  <rows>1</rows>
  <cols>14</cols>
  <dt>d</dt>
  <data>
    6.8825001218260545e-02 3.4292563035183632e-01 3.4681077468392899e-03
    -7.2035421070227590e-03 -3.4192419034841448e-01 0. 0. 0. 0. 0. 0. 0.
    -1.6017963777670657e-02 4.2119735307301558e-02</data></D1>
<M2 type_id="opencv-matrix">
  <rows>3</rows>
  <cols>3</cols>
  <dt>d</dt>
  <data>
    1.3821704022331521e+03 0. 7.2435601076156274e+02 0.
    1.3821704022331521e+03 4.5257394326092759e+02 0. 0. 1.</data></M2>
<D2 type_id="opencv-matrix">
  <rows>1</rows>
  <cols>14</cols>
  <dt>d</dt>
  <data>
    5.1817507458974454e-02 2.2482429129891088e-01 5.7070523546044966e-03
    -2.2406943585729440e-03 4.0889521864307410e-01 0. 0. 0. 0. 0. 0. 0.
    -1.6760316584932496e-02 -1.2759805997610219e-02</data></D2>
<imageSize>
  1440 900</imageSize>
<R type_id="opencv-matrix">
  <rows>3</rows>
  <cols>3</cols>
  <dt>d</dt>
  <data>
    9.9864339805754843e-01 3.4526632998900532e-03
    -5.1956160676194039e-02 -3.6286806421597950e-03
    9.9998799152156281e-01 -3.2938563217056855e-03
    5.1944164184921822e-02 3.4779201843081532e-03 9.9864393448231659e-01</data></R>
<T type_id="opencv-matrix">
  <rows>3</rows>
  <cols>1</cols>
  <dt>d</dt>
  <data>
    -1.0117847151921964e+02 3.0279932447081248e-01
    3.6055796592459828e+00</data></T>
<E type_id="opencv-matrix">
  <rows>3</rows>
  <cols>3</cols>
  <dt>d</dt>
  <data>
    2.8812154938666311e-02 -3.6044832498380193e+00
    3.1426497010214061e-01 8.8563194594503685e+00 3.6433950087845030e-01
    1.0085393480675391e+02 6.4755814686046076e-02
    -1.0117830198384094e+02 3.4899963838894876e-01</data></E>
<F type_id="opencv-matrix">
  <rows>3</rows>
  <cols>3</cols>
  <dt>d</dt>
  <data>
    4.6687524558126351e-07 -5.8407432767317105e-05
    3.2204361617144385e-02 1.4350874939340479e-04 5.9037963078319926e-06
    2.1537862642321235e+00 -6.3836179051079966e-02
    -2.2264380956334384e+00 1.</data></F>
<R1 type_id="opencv-matrix">
  <rows>3</rows>
  <cols>3</cols>
  <dt>d</dt>
  <data>
    9.9616640402924828e-01 3.3582113440020514e-04
    -8.7477898394978812e-02 -4.9031104909185428e-04
    9.9999835804402970e-01 -1.7445642205975826e-03
    8.7477168898585672e-02 1.7807676463651759e-03 9.9616493302468656e-01</data></R1>
<R2 type_id="opencv-matrix">
  <rows>3</rows>
  <cols>3</cols>
  <dt>d</dt>
  <data>
    9.9936117797246848e-01 -2.9908130163335501e-03
    -3.5613073427907892e-02 3.0536525975538567e-03
    9.9999387511140891e-01 1.7102471988658496e-03 3.5607740272217248e-02
    -1.8179046094626958e-03 9.9936418990052744e-01</data></R2>
<P1 type_id="opencv-matrix">
  <rows>3</rows>
  <cols>4</cols>
  <dt>d</dt>
  <data>
    1.3790073225806520e+03 0. 7.8365709686279297e+02 0. 0.
    1.3790073225806520e+03 4.4593257141113281e+02 0. 0. 0. 1. 0.</data></P1>
<P2 type_id="opencv-matrix">
  <rows>3</rows>
  <cols>4</cols>
  <dt>d</dt>
  <data>
    1.3790073225806520e+03 0. 7.8365709686279297e+02
    -1.3961504227690308e+05 0. 1.3790073225806520e+03
    4.4593257141113281e+02 0. 0. 0. 1. 0.</data></P2>
<H1 type_id="opencv-matrix">
  <rows>0</rows>
  <cols>0</cols>
  <dt>u</dt>
  <data></data></H1>
<H2 type_id="opencv-matrix">
  <rows>0</rows>
  <cols>0</cols>
  <dt>u</dt>
  <data></data></H2>
<Q type_id="opencv-matrix">
  <rows>4</rows>
  <cols>4</cols>
  <dt>d</dt>
  <data>
    1. 0. 0. -7.8365709686279297e+02 0. 1. 0. -4.4593257141113281e+02 0.
    0. 0. 1.3790073225806520e+03 0. 0. 9.8772116534951993e-03 0.</data></Q>
<rms>4.8171960772530509e-01</rms>
<avgErr>4.6413683479214890e-01</avgErr>
<nframes>15</nframes>
<num_Im>30</num_Im>
</opencv_storage>
