<?xml version="1.0"?>
<opencv_storage>
<M1 type_id="opencv-matrix">
  <rows>3</rows>
  <cols>3</cols>
  <dt>d</dt>
  <data>
    1.8591489843880429e+03 0. 9.2693046343960634e+02 0.
    1.8591489843880429e+03 5.8446072246903600e+02 0. 0. 1.</data></M1>
<D1 type_id="opencv-matrix">
  <rows>1</rows>
  <cols>14</cols>
  <dt>d</dt>
  <data>
    6.7570785236233277e-02 1.9252767488261885e-01 5.3584445254658945e-04
    -1.2786983575102785e-03 2.9615880468233430e-01 0. 0. 0. 0. 0. 0. 0.
    3.3529381412018742e-03 6.0545863448449014e-04</data></D1>
<M2 type_id="opencv-matrix">
  <rows>3</rows>
  <cols>3</cols>
  <dt>d</dt>
  <data>
    1.8631692719029199e+03 0. 9.7201925632711311e+02 0.
    1.8631692719029199e+03 5.9460636578185461e+02 0. 0. 1.</data></M2>
<D2 type_id="opencv-matrix">
  <rows>1</rows>
  <cols>14</cols>
  <dt>d</dt>
  <data>
    -5.7574004356431788e-03 6.7839380794960935e-01
    9.0845232918971208e-04 -1.2659863834228995e-03
    -6.7147331634671736e-01 0. 0. 0. 0. 0. 0. 0. 1.6552984207407829e-03
    -1.8191837004081550e-02</data></D2>
<imageSize>
  1920 1200</imageSize>
<R type_id="opencv-matrix">
  <rows>3</rows>
  <cols>3</cols>
  <dt>d</dt>
  <data>
    9.9983726831016129e-01 6.0401707338906428e-03
    -1.6998624520234179e-02 -5.9924910120488810e-03
    9.9997797082284523e-01 2.8544562521276204e-03 1.7015491457638511e-02
    -2.7521276369834404e-03 9.9985143838668589e-01</data></R>
<T type_id="opencv-matrix">
  <rows>3</rows>
  <cols>1</cols>
  <dt>d</dt>
  <data>
    -1.0079563871283132e+02 2.4675721023304922e-01
    -4.5562674619846844e-01</data></T>
<E type_id="opencv-matrix">
  <rows>3</rows>
  <cols>3</cols>
  <dt>d</dt>
  <data>
    1.4683560213877610e-03 4.5493760177825265e-01 2.4802111819812289e-01
    1.2595347281972751e+00 -2.8015452632694682e-01
    1.0078840937810912e+02 3.5729990402511980e-01
    -1.0079490872352932e+02 -2.8352220794662608e-01</data></E>
<F type_id="opencv-matrix">
  <rows>3</rows>
  <cols>3</cols>
  <dt>d</dt>
  <data>
    -5.1558415689165690e-10 -1.5974233526108234e-07
    -6.8067990881168672e-05 -4.4226069253940335e-07
    9.8370717422567102e-08 -6.5442562384504854e-02
    2.9721218376693938e-05 6.6038323606407365e-02 1.</data></F>
<R1 type_id="opencv-matrix">
  <rows>3</rows>
  <cols>3</cols>
  <dt>d</dt>
  <data>
    9.9991564170900649e-01 3.5796427989660288e-03
    -1.2485816877462443e-02 -3.5621824833951283e-03
    9.9999264667397181e-01 1.4203710570886178e-03 1.2490809486206579e-02
    -1.3757744788419225e-03 9.9992104034416784e-01</data></R1>
<R2 type_id="opencv-matrix">
  <rows>3</rows>
  <cols>3</cols>
  <dt>d</dt>
  <data>
    9.9998678711353561e-01 -2.4480617714145625e-03
    4.5202424616122500e-03 2.4543791608451263e-03 9.9999601839236418e-01
    -1.3925596408346779e-03 -4.5168153917592114e-03
    1.4036356300019639e-03 9.9998881403030471e-01</data></R2>
<P1 type_id="opencv-matrix">
  <rows>3</rows>
  <cols>4</cols>
  <dt>d</dt>
  <data>
    1.8611591281454814e+03 0. 9.6240074157714844e+02 0. 0.
    1.8611591281454814e+03 5.9147807312011719e+02 0. 0. 0. 1. 0.</data></P1>
<P2 type_id="opencv-matrix">
  <rows>3</rows>
  <cols>4</cols>
  <dt>d</dt>
  <data>
    1.8611591281454814e+03 0. 9.6240074157714844e+02
    -1.8759920179459418e+05 0. 1.8611591281454814e+03
    5.9147807312011719e+02 0. 0. 0. 1. 0.</data></P2>
<H1 type_id="opencv-matrix">
  <rows>0</rows>
  <cols>0</cols>
  <dt>u</dt>
  <data></data></H1>
<H2 type_id="opencv-matrix">
  <rows>0</rows>
  <cols>0</cols>
  <dt>u</dt>
  <data></data></H2>
<Q type_id="opencv-matrix">
  <rows>4</rows>
  <cols>4</cols>
  <dt>d</dt>
  <data>
    1. 0. 0. -9.6240074157714844e+02 0. 1. 0. -5.9147807312011719e+02 0.
    0. 0. 1.8611591281454814e+03 0. 0. 9.9209330868225056e-03 0.</data></Q>
<rms>5.5639749427145313e-01</rms>
<avgErr>6.3707108591117112e-01</avgErr>
<nframes>34</nframes>
<num_Im>70</num_Im>
</opencv_storage>
