<?xml version="1.0"?>
<opencv_storage>
<M1 type_id="opencv-matrix">
  <rows>3</rows>
  <cols>3</cols>
  <dt>d</dt>
  <data>
    1.8379018945584228e+03 0. 9.3695864872291963e+02 0.
    1.8379018945584228e+03 5.8142660373927060e+02 0. 0. 1.</data></M1>
<D1 type_id="opencv-matrix">
  <rows>1</rows>
  <cols>14</cols>
  <dt>d</dt>
  <data>
    3.9892311829997619e-02 2.4992798483224749e-01 1.0639085741420923e-03
    4.6457880656987794e-04 3.2911175164970186e-01 0. 0. 0. 0. 0. 0. 0.
    -9.1360297603601277e-04 4.2496672191763259e-03</data></D1>
<M2 type_id="opencv-matrix">
  <rows>3</rows>
  <cols>3</cols>
  <dt>d</dt>
  <data>
    1.8355580211281922e+03 0. 9.4874664899944605e+02 0.
    1.8355580211281922e+03 5.9120837512923140e+02 0. 0. 1.</data></M2>
<D2 type_id="opencv-matrix">
  <rows>1</rows>
  <cols>14</cols>
  <dt>d</dt>
  <data>
    4.1493645936211694e-02 2.4762225441499008e-01 1.7301416665466720e-03
    3.5306004099630914e-04 3.6835772736870226e-01 0. 0. 0. 0. 0. 0. 0.
    -3.7372233492999852e-03 8.9569964155151796e-03</data></D2>
<imageSize>
  1920 1200</imageSize>
<R type_id="opencv-matrix">
  <rows>3</rows>
  <cols>3</cols>
  <dt>d</dt>
  <data>
    9.9998272350971995e-01 5.8540287471440817e-03 5.3200517919152327e-04
    -5.8555817306030628e-03 9.9997845724848811e-01
    2.9660076752816770e-03 -5.1463062414080834e-04
    -2.9690716328867619e-03 9.9999545987417338e-01</data></R>
<T type_id="opencv-matrix">
  <rows>3</rows>
  <cols>1</cols>
  <dt>d</dt>
  <data>
    -1.0065307342208719e+02 2.9329303170756210e-01
    1.3402608394339977e+00</data></T>
<E type_id="opencv-matrix">
  <rows>3</rows>
  <cols>3</cols>
  <dt>d</dt>
  <data>
    7.6970693096686292e-03 -1.3411027745483390e+00
    2.8931647618365341e-01 1.2884385304337331e+00
    -2.9100025957766951e-01 1.0065332947017707e+02
    2.9609433322607182e-01 -1.0065262202377650e+02
    -2.9869382172248998e-01</data></E>
<F type_id="opencv-matrix">
  <rows>3</rows>
  <cols>3</cols>
  <dt>d</dt>
  <data>
    -1.8827950902785518e-09 3.2804975736762108e-07
    -3.1904156072495984e-04 -3.1516745421261936e-07
    7.1182139325988210e-08 -4.4997083058668598e-02
    5.5169751133830095e-05 4.4839648989937669e-02 1.</data></F>
<R1 type_id="opencv-matrix">
  <rows>3</rows>
  <cols>3</cols>
  <dt>d</dt>
  <data>
    9.9991375241708969e-01 2.9794494497165851e-03
    -1.2791036242299996e-02 -2.9607116567161875e-03
    9.9999451654046201e-01 1.4836022019249374e-03 1.2795386420934401e-02
    -1.4456036747169576e-03 9.9991709072120305e-01</data></R1>
<R2 type_id="opencv-matrix">
  <rows>3</rows>
  <cols>3</cols>
  <dt>d</dt>
  <data>
    9.9990711430206636e-01 -2.9136297482920104e-03
    -1.3314410606719337e-02 2.8941254248275126e-03
    9.9999471097168369e-01 -1.4839362130142802e-03
    1.3318663827119393e-02 1.4452648023099517e-03 9.9991025817495804e-01</data></R2>
<P1 type_id="opencv-matrix">
  <rows>3</rows>
  <cols>4</cols>
  <dt>d</dt>
  <data>
    1.8367299578433076e+03 0. 9.7347204589843750e+02 0. 0.
    1.8367299578433076e+03 5.8845975494384766e+02 0. 0. 0. 1. 0.</data></P1>
<P2 type_id="opencv-matrix">
  <rows>3</rows>
  <cols>4</cols>
  <dt>d</dt>
  <data>
    1.8367299578433076e+03 0. 9.7347204589843750e+02
    -1.8488968891114480e+05 0. 1.8367299578433076e+03
    5.8845975494384766e+02 0. 0. 0. 1. 0.</data></P2>
<H1 type_id="opencv-matrix">
  <rows>0</rows>
  <cols>0</cols>
  <dt>u</dt>
  <data></data></H1>
<H2 type_id="opencv-matrix">
  <rows>0</rows>
  <cols>0</cols>
  <dt>u</dt>
  <data></data></H2>
<Q type_id="opencv-matrix">
  <rows>4</rows>
  <cols>4</cols>
  <dt>d</dt>
  <data>
    1. 0. 0. -9.7347204589843750e+02 0. 1. 0. -5.8845975494384766e+02 0.
    0. 0. 1.8367299578433076e+03 0. 0. 9.9341935651479849e-03 0.</data></Q>
<rms>4.0331300088406313e-01</rms>
<avgErr>5.2309255032694568e-01</avgErr>
<nframes>33</nframes>
<num_Im>68</num_Im>
</opencv_storage>
