<?xml version="1.0"?>
<opencv_storage>
<M1 type_id="opencv-matrix">
  <rows>3</rows>
  <cols>3</cols>
  <dt>d</dt>
  <data>
    5.2462884707607486e+02 0. 3.9158593924917142e+02 0.
    5.2462884707607486e+02 1.4175616784072892e+02 0. 0. 1.</data></M1>
<D1 type_id="opencv-matrix">
  <rows>1</rows>
  <cols>14</cols>
  <dt>d</dt>
  <data>
    1.1780631945837880e-01 -1.1618755729771453e+00
    -1.7047522934283692e-03 -9.5895678846826416e-03
    1.7539200349200583e+00 0. 0. 0. 0. 0. 0. 0. -6.3450178840296217e-02
    -9.7004382771368941e-02</data></D1>
<M2 type_id="opencv-matrix">
  <rows>3</rows>
  <cols>3</cols>
  <dt>d</dt>
  <data>
    5.1478037618769656e+02 0. 3.2685425430852428e+02 0.
    5.1478037618769656e+02 1.5536529352064935e+02 0. 0. 1.</data></M2>
<D2 type_id="opencv-matrix">
  <rows>1</rows>
  <cols>14</cols>
  <dt>d</dt>
  <data>
    1.0290653363101462e-01 -9.6585309773529160e-01
    -3.6990608195503908e-03 2.1980693435594231e-03
    1.3426136127990331e+00 0. 0. 0. 0. 0. 0. 0. -4.2936871724091670e-02
    2.3010508401809807e-02</data></D2>
<imageSize>
  720 450</imageSize>
<R type_id="opencv-matrix">
  <rows>3</rows>
  <cols>3</cols>
  <dt>d</dt>
  <data>
    9.9558566422315986e-01 7.5756821533438596e-03 9.3551024757834583e-02
    -5.2425709075294659e-03 9.9966968832960579e-01
    -2.5160081185647699e-02 -9.3710728540594534e-02
    2.4558568258356693e-02 9.9529652671025159e-01</data></R>
<T type_id="opencv-matrix">
  <rows>3</rows>
  <cols>1</cols>
  <dt>d</dt>
  <data>
    -8.1494803295560857e+01 -3.0868637895836731e-01
    -7.7888691746938186e+00</data></T>
<E type_id="opencv-matrix">
  <rows>3</rows>
  <cols>3</cols>
  <dt>d</dt>
  <data>
    -1.1906473475056200e-02 7.7787155247981694e+00
    -5.0320306159971273e-01 -1.5391423879934294e+01
    1.9423896922339254e+00 8.0382837972009568e+01 7.3456601850405190e-01
    -8.1465546101063794e+01 2.0792937942050416e+00</data></E>
<F type_id="opencv-matrix">
  <rows>3</rows>
  <cols>3</cols>
  <dt>d</dt>
  <data>
    1.8543458451365941e-08 -1.2114778438912134e-05
    2.1212357962918206e-03 2.3971012896711295e-05
    -3.0251293659503373e-06 -7.4636360173247568e-02
    -4.3192500227271094e-03 6.9743355048864350e-02 1.</data></F>
<R1 type_id="opencv-matrix">
  <rows>3</rows>
  <cols>3</cols>
  <dt>d</dt>
  <data>
    9.8212692064958507e-01 1.3647135377920951e-02 1.8772444548150979e-01
    -1.1310348512682053e-02 9.9984471831021826e-01
    -1.3513522252990720e-02 -1.8787971618002117e-01
    1.1148765094713553e-02 9.8212876817909045e-01</data></R1>
<R2 type_id="opencv-matrix">
  <rows>3</rows>
  <cols>3</cols>
  <dt>d</dt>
  <data>
    9.9545668325318182e-01 3.7705952592939429e-03 9.5140813418663983e-02
    -4.9501189028314813e-03 9.9991375455223419e-01
    1.2164693999526232e-02 -9.5086739819084526e-02
    -1.2580384280492768e-02 9.9538949454067116e-01</data></R2>
<P1 type_id="opencv-matrix">
  <rows>3</rows>
  <cols>4</cols>
  <dt>d</dt>
  <data>
    5.1970461163188565e+02 0. 2.5148510169982910e+02 0. 0.
    5.1970461163188565e+02 1.8149871253967285e+02 0. 0. 0. 1. 0.</data></P1>
<P2 type_id="opencv-matrix">
  <rows>3</rows>
  <cols>4</cols>
  <dt>d</dt>
  <data>
    5.1970461163188565e+02 0. 2.5148510169982910e+02
    -4.2546527447407141e+04 0. 5.1970461163188565e+02
    1.8149871253967285e+02 0. 0. 0. 1. 0.</data></P2>
<H1 type_id="opencv-matrix">
  <rows>0</rows>
  <cols>0</cols>
  <dt>u</dt>
  <data></data></H1>
<H2 type_id="opencv-matrix">
  <rows>0</rows>
  <cols>0</cols>
  <dt>u</dt>
  <data></data></H2>
<Q type_id="opencv-matrix">
  <rows>4</rows>
  <cols>4</cols>
  <dt>d</dt>
  <data>
    1. 0. 0. -2.5148510169982910e+02 0. 1. 0. -1.8149871253967285e+02 0.
    0. 0. 5.1970461163188565e+02 0. 0. 1.2214971298757716e-02 0.</data></Q>
<rms>1.4847620260600556e+00</rms>
<avgErr>1.5732335042410087e-01</avgErr>
<nframes>13</nframes>
<num_Im>30</num_Im>
</opencv_storage>
