<?xml version="1.0"?>
<opencv_storage>
<M1 type_id="opencv-matrix">
  <rows>3</rows>
  <cols>3</cols>
  <dt>d</dt>
  <data>
    3.3670535903907688e+02 0. 2.7684768391267795e+02 0.
    3.3670535903907688e+02 1.0701734715157704e+02 0. 0. 1.</data></M1>
<D1 type_id="opencv-matrix">
  <rows>1</rows>
  <cols>14</cols>
  <dt>d</dt>
  <data>
    -1.5774916602960634e+00 7.9229377525763915e+00
    -2.5444021261468792e-02 8.2580486006579579e-02
    -1.1144378239502673e+01 0. 0. 0. 0. 0. 0. 0. -1.1897494291436531e-01
    3.3057733402297335e-01</data></D1>
<M2 type_id="opencv-matrix">
  <rows>3</rows>
  <cols>3</cols>
  <dt>d</dt>
  <data>
    3.5177049050731887e+02 0. 2.3132593698279445e+02 0.
    3.5177049050731887e+02 1.0033463423003047e+02 0. 0. 1.</data></M2>
<D2 type_id="opencv-matrix">
  <rows>1</rows>
  <cols>14</cols>
  <dt>d</dt>
  <data>
    -1.5670727498865764e+00 8.7930111492389038e+00
    -2.5122116857394634e-02 6.3830998385707688e-02
    -1.4113815512143962e+01 0. 0. 0. 0. 0. 0. 0. -1.4614165544365446e-01
    3.6326776399511146e-01</data></D2>
<imageSize>
  480 300</imageSize>
<R type_id="opencv-matrix">
  <rows>3</rows>
  <cols>3</cols>
  <dt>d</dt>
  <data>
    9.9512095325467209e-01 3.0011926454645934e-03 9.8616840530497227e-02
    -7.3035906505112477e-03 9.9903561697394105e-01
    4.3295422172634664e-02 -9.8391798220799256e-02
    -4.3804438818477169e-02 9.9418319498102348e-01</data></R>
<T type_id="opencv-matrix">
  <rows>3</rows>
  <cols>1</cols>
  <dt>d</dt>
  <data>
    -8.2591673407906143e+01 -1.5284815997369964e+01
    3.9464970987754782e+01</data></T>
<E type_id="opencv-matrix">
  <rows>3</rows>
  <cols>3</cols>
  <dt>d</dt>
  <data>
    1.7921365245841334e+00 -3.8757368852401811e+01
    -1.6904559782907953e+01 3.1146076284833661e+01
    -3.4994399240303493e+00 8.6003164497941484e+01
    1.5813456439337122e+01 -8.2466150722619162e+01
    -2.0685011063890335e+00</data></E>
<F type_id="opencv-matrix">
  <rows>3</rows>
  <cols>3</cols>
  <dt>d</dt>
  <data>
    -6.2564334818636091e-06 1.3530381019011530e-04
    7.1227627019504027e-03 -1.0873242737035876e-04
    1.2216710506223429e-05 -7.2297873481926705e-02
    -7.0627710630948052e-03 6.8747305597310349e-02 1.</data></F>
<R1 type_id="opencv-matrix">
  <rows>3</rows>
  <cols>3</cols>
  <dt>d</dt>
  <data>
    9.2625901008073330e-01 1.8584089571385320e-01
    -3.2788322269450249e-01 -1.8034332209092738e-01
    9.8246165115826622e-01 4.7385548224973706e-02 3.3093886508155557e-01
    1.5240258647608945e-02 9.4352912095752817e-01</data></R1>
<R2 type_id="opencv-matrix">
  <rows>3</rows>
  <cols>3</cols>
  <dt>d</dt>
  <data>
    8.8996268591662220e-01 1.6470081471261941e-01
    -4.2525293568542355e-01 -1.7184184885757844e-01
    9.8488291293452279e-01 2.1818038198208711e-02 4.2241779869849322e-01
    5.3659010823986789e-02 9.0481153501716050e-01</data></R2>
<P1 type_id="opencv-matrix">
  <rows>3</rows>
  <cols>4</cols>
  <dt>d</dt>
  <data>
    3.4423792477319785e+02 0. 5.0079581260681152e+02 0. 0.
    3.4423792477319785e+02 6.7702975273132324e+01 0. 0. 0. 1. 0.</data></P1>
<P2 type_id="opencv-matrix">
  <rows>3</rows>
  <cols>4</cols>
  <dt>d</dt>
  <data>
    3.4423792477319785e+02 0. 5.0079581260681152e+02
    -3.1946492484907336e+04 0. 3.4423792477319785e+02
    6.7702975273132324e+01 0. 0. 0. 1. 0.</data></P2>
<H1 type_id="opencv-matrix">
  <rows>0</rows>
  <cols>0</cols>
  <dt>u</dt>
  <data></data></H1>
<H2 type_id="opencv-matrix">
  <rows>0</rows>
  <cols>0</cols>
  <dt>u</dt>
  <data></data></H2>
<Q type_id="opencv-matrix">
  <rows>4</rows>
  <cols>4</cols>
  <dt>d</dt>
  <data>
    1. 0. 0. -5.0079581260681152e+02 0. 1. 0. -6.7702975273132324e+01 0.
    0. 0. 3.4423792477319785e+02 0. 0. 1.0775452890041939e-02 0.</data></Q>
<rms>3.6489602162762194e+00</rms>
<avgErr>2.4940490854609294e+00</avgErr>
<nframes>11</nframes>
<num_Im>30</num_Im>
</opencv_storage>
