<?xml version="1.0"?>
<opencv_storage>
<M1 type_id="opencv-matrix">
  <rows>3</rows>
  <cols>3</cols>
  <dt>d</dt>
  <data>
    1.8757075977890065e+03 0. 9.8090948104584413e+02 0.
    1.8757075977890065e+03 5.9933591125483611e+02 0. 0. 1.</data></M1>
<D1 type_id="opencv-matrix">
  <rows>1</rows>
  <cols>14</cols>
  <dt>d</dt>
  <data>
    -3.4747168341574025e-03 3.8321323950055920e-02
    9.8367328583479682e-04 1.4833704525804999e-03
    -7.9931359777334149e-02 0. 0. 0. 0. 0. 0. 0. -3.1257361928127051e-03
    -6.2858398574663589e-03</data></D1>
<M2 type_id="opencv-matrix">
  <rows>3</rows>
  <cols>3</cols>
  <dt>d</dt>
  <data>
    1.8762713348503212e+03 0. 9.0130119282311148e+02 0.
    1.8762713348503212e+03 6.1545572098499576e+02 0. 0. 1.</data></M2>
<D2 type_id="opencv-matrix">
  <rows>1</rows>
  <cols>14</cols>
  <dt>d</dt>
  <data>
    3.4989573842840603e-03 -1.8673598883977280e-02
    9.8392627493206104e-04 1.1507931640303290e-03 4.2528876727805344e-02
    0. 0. 0. 0. 0. 0. 0. 5.2449665057215239e-03 3.5266373468270523e-02</data></D2>
<imageSize>
  1920 1200</imageSize>
<R type_id="opencv-matrix">
  <rows>3</rows>
  <cols>3</cols>
  <dt>d</dt>
  <data>
    9.9909565224962693e-01 -6.1688871878211185e-06
    4.2519144133405413e-02 3.7289698469151339e-04 9.9996280270124072e-01
    -8.6170854538097155e-03 -4.2517509378270042e-02
    8.6251478726038014e-03 9.9905849089052057e-01</data></R>
<T type_id="opencv-matrix">
  <rows>3</rows>
  <cols>1</cols>
  <dt>d</dt>
  <data>
    -1.0050022269462859e+02 1.5080188478967119e-02
    3.2809027799489932e+00</data></T>
<E type_id="opencv-matrix">
  <rows>3</rows>
  <cols>3</cols>
  <dt>d</dt>
  <data>
    -1.8646108087895475e-03 -3.2806506703725096e+00
    4.3337809964603832e-02 -9.9508345803634546e-01
    8.6680904245166035e-01 1.0054510199764522e+02
    -5.2542780748093570e-02 -1.0049648426479166e+02
    8.6537781037902506e-01</data></E>
<F type_id="opencv-matrix">
  <rows>3</rows>
  <cols>3</cols>
  <dt>d</dt>
  <data>
    9.1107933598350540e-10 1.6029795710007484e-06
    -1.0013360721442242e-03 4.8621405170576198e-07
    -4.2353707438499095e-07 -9.2372818600492373e-02
    -2.5189437110273942e-04 9.0948752173148018e-02
    9.9999999999999989e-01</data></F>
<R1 type_id="opencv-matrix">
  <rows>3</rows>
  <cols>3</cols>
  <dt>d</dt>
  <data>
    9.9995089635725376e-01 -4.3755571412996730e-04
    9.9001726915048712e-03 4.8019813919381380e-04 9.9999061697087632e-01
    -4.3052735050307994e-03 -9.8981960008731624e-03
    4.3098161449228430e-03 9.9994172390231084e-01</data></R1>
<R2 type_id="opencv-matrix">
  <rows>3</rows>
  <cols>3</cols>
  <dt>d</dt>
  <data>
    9.9946754258249726e-01 -1.4997139823837545e-04
    -3.2628344007680478e-02 2.9053849908779281e-04
    9.9999069799527351e-01 4.3034300628954749e-03 3.2627395107246548e-02
    -4.3106184597334939e-03 9.9945828910315726e-01</data></R2>
<P1 type_id="opencv-matrix">
  <rows>3</rows>
  <cols>4</cols>
  <dt>d</dt>
  <data>
    1.8759894663196637e+03 0. 9.6330870819091797e+02 0. 0.
    1.8759894663196637e+03 6.0862341308593750e+02 0. 0. 0. 1. 0.</data></P1>
<P2 type_id="opencv-matrix">
  <rows>3</rows>
  <cols>4</cols>
  <dt>d</dt>
  <data>
    1.8759894663196637e+03 0. 9.6330870819091797e+02
    -1.8863780073412583e+05 0. 1.8759894663196637e+03
    6.0862341308593750e+02 0. 0. 0. 1. 0.</data></P2>
<H1 type_id="opencv-matrix">
  <rows>0</rows>
  <cols>0</cols>
  <dt>u</dt>
  <data></data></H1>
<H2 type_id="opencv-matrix">
  <rows>0</rows>
  <cols>0</cols>
  <dt>u</dt>
  <data></data></H2>
<Q type_id="opencv-matrix">
  <rows>4</rows>
  <cols>4</cols>
  <dt>d</dt>
  <data>
    1. 0. 0. -9.6330870819091797e+02 0. 1. 0. -6.0862341308593750e+02 0.
    0. 0. 1.8759894663196637e+03 0. 0. 9.9449286358239703e-03 0.</data></Q>
<rms>9.0317412204188285e-01</rms>
<avgErr>2.9317628877006996e-01</avgErr>
<nframes>47</nframes>
<num_Im>98</num_Im>
</opencv_storage>
