<?xml version="1.0"?>
<opencv_storage>
<M1 type_id="opencv-matrix">
  <rows>3</rows>
  <cols>3</cols>
  <dt>d</dt>
  <data>
    9.1453717194418084e+02 0. 4.4359334548557678e+02 0.
    9.1453717194418084e+02 1.8439383352852531e+02 0. 0. 1.</data></M1>
<D1 type_id="opencv-matrix">
  <rows>1</rows>
  <cols>14</cols>
  <dt>d</dt>
  <data>
    -1.5317869306703208e-03 -6.2748085329854528e-02
    4.3055011325267237e-03 2.3847211573170025e-03 3.3402263307593730e-02
    0. 0. 0. 0. 0. 0. 0. -1.2995344733474426e-01 4.9552359697275707e-02</data></D1>
<M2 type_id="opencv-matrix">
  <rows>3</rows>
  <cols>3</cols>
  <dt>d</dt>
  <data>
    9.1098112114070739e+02 0. 4.7033744318289251e+02 0.
    9.1098112114070739e+02 2.3383877198115067e+02 0. 0. 1.</data></M2>
<D2 type_id="opencv-matrix">
  <rows>1</rows>
  <cols>14</cols>
  <dt>d</dt>
  <data>
    -1.0053183955338869e-02 -6.9348984934043220e-02
    3.2557761542445925e-03 -7.4384978458628731e-04
    1.4313636931196794e-01 0. 0. 0. 0. 0. 0. 0. -7.8766862834050669e-02
    1.3890254221493084e-02</data></D2>
<imageSize>
  960 600</imageSize>
<R type_id="opencv-matrix">
  <rows>3</rows>
  <cols>3</cols>
  <dt>d</dt>
  <data>
    9.9939080470072661e-01 -5.7862903032775805e-03
    -3.4417122543297783e-02 3.9271934575721120e-03
    9.9854179968681189e-01 -5.3840982808355600e-02
    3.4678475041169034e-02 5.3673020436239990e-02 9.9795621659773737e-01</data></R>
<T type_id="opencv-matrix">
  <rows>3</rows>
  <cols>1</cols>
  <dt>d</dt>
  <data>
    -9.5882130274705275e+01 9.0545123275654615e-02
    2.4775348931211028e+00</data></T>
<E type_id="opencv-matrix">
  <rows>3</rows>
  <cols>3</cols>
  <dt>d</dt>
  <data>
    -6.5897920255574552e-03 -2.4690623207120428e+00
    2.2375298224318241e-01 5.8010716521359118e+00 5.1319478015763824e+00
    9.5600898346254411e+01 -4.6703763832508244e-01
    -9.5741791001940740e+01 5.1655044303523949e+00</data></E>
<F type_id="opencv-matrix">
  <rows>3</rows>
  <cols>3</cols>
  <dt>d</dt>
  <data>
    -1.0272521417043218e-08 -3.8489068351718266e-06
    1.0332603868863130e-03 9.0430217762945801e-06 7.9999556129211263e-06
    1.3080490538530334e-01 -2.7730112863657199e-03
    -1.3602201620766427e-01 1.</data></F>
<R1 type_id="opencv-matrix">
  <rows>3</rows>
  <cols>3</cols>
  <dt>d</dt>
  <data>
    9.9815741477864028e-01 -8.1134170056669161e-03
    -6.0132751366569384e-02 6.4938569560169133e-03
    9.9961218366514704e-01 -2.7079735782151438e-02
    6.0329140092133651e-02 2.6639345575454693e-02 9.9782300039789396e-01</data></R1>
<R2 type_id="opencv-matrix">
  <rows>3</rows>
  <cols>3</cols>
  <dt>d</dt>
  <data>
    9.9966588483241736e-01 -9.4402231695613114e-04
    -2.5830747648589315e-02 1.6378612283600162e-03
    9.9963805108711357e-01 2.6853011550919816e-02 2.5796048395377320e-02
    -2.6886346732538563e-02 9.9930560302970439e-01</data></R2>
<P1 type_id="opencv-matrix">
  <rows>3</rows>
  <cols>4</cols>
  <dt>d</dt>
  <data>
    9.1275914654244411e+02 0. 4.9955316543579102e+02 0. 0.
    9.1275914654244411e+02 1.9901253128051758e+02 0. 0. 0. 1. 0.</data></P1>
<P2 type_id="opencv-matrix">
  <rows>3</rows>
  <cols>4</cols>
  <dt>d</dt>
  <data>
    9.1275914654244411e+02 0. 4.9955316543579102e+02
    -8.7546542025771647e+04 0. 9.1275914654244411e+02
    1.9901253128051758e+02 0. 0. 0. 1. 0.</data></P2>
<H1 type_id="opencv-matrix">
  <rows>0</rows>
  <cols>0</cols>
  <dt>u</dt>
  <data></data></H1>
<H2 type_id="opencv-matrix">
  <rows>0</rows>
  <cols>0</cols>
  <dt>u</dt>
  <data></data></H2>
<Q type_id="opencv-matrix">
  <rows>4</rows>
  <cols>4</cols>
  <dt>d</dt>
  <data>
    1. 0. 0. -4.9955316543579102e+02 0. 1. 0. -1.9901253128051758e+02 0.
    0. 0. 9.1275914654244411e+02 0. 0. 1.0425987428192757e-02 0.</data></Q>
<rms>4.5487600851979904e-01</rms>
<avgErr>6.4247710616500295e-02</avgErr>
<nframes>15</nframes>
<num_Im>30</num_Im>
</opencv_storage>
