<?xml version="1.0"?>
<opencv_storage>
<M1 type_id="opencv-matrix">
  <rows>3</rows>
  <cols>3</cols>
  <dt>d</dt>
  <data>
    1.4067228352434488e+03 0. 6.6871713811602183e+02 0.
    1.4067228352434488e+03 3.9305048123440662e+02 0. 0. 1.</data></M1>
<D1 type_id="opencv-matrix">
  <rows>1</rows>
  <cols>14</cols>
  <dt>d</dt>
  <data>
    -1.5050885672684157e-03 1.6335823789413961e-02
    -4.4039385643340019e-04 -2.5344971095103691e-04
    -3.7017123212370710e-02 0. 0. 0. 0. 0. 0. 0. -3.9205200739065998e-02
    3.5575614294845022e-02</data></D1>
<M2 type_id="opencv-matrix">
  <rows>3</rows>
  <cols>3</cols>
  <dt>d</dt>
  <data>
    1.4051394451023377e+03 0. 7.5715693650452647e+02 0.
    1.4051394451023377e+03 4.3647939342393340e+02 0. 0. 1.</data></M2>
<D2 type_id="opencv-matrix">
  <rows>1</rows>
  <cols>14</cols>
  <dt>d</dt>
  <data>
    9.3894353805572088e-04 2.3008490556705505e-04
    -3.7207948550424313e-04 1.6305210786379394e-04
    -2.6746426345138435e-03 0. 0. 0. 0. 0. 0. 0. -8.4269536176154770e-03
    -2.6577096060072979e-02</data></D2>
<imageSize>
  1440 900</imageSize>
<R type_id="opencv-matrix">
  <rows>3</rows>
  <cols>3</cols>
  <dt>d</dt>
  <data>
    9.9802488945206258e-01 -2.2772223269181442e-03
    -6.2778454048120741e-02 3.3599636280849481e-04
    9.9952195817726819e-01 -3.0915080914071573e-02
    6.2818843834015287e-02 3.0832926879444944e-02 9.9754855695319633e-01</data></R>
<T type_id="opencv-matrix">
  <rows>3</rows>
  <cols>1</cols>
  <dt>d</dt>
  <data>
    -1.0052122707706481e+02 1.4739840069920809e-02
    -2.6340480453118200e+00</data></T>
<E type_id="opencv-matrix">
  <rows>3</rows>
  <cols>3</cols>
  <dt>d</dt>
  <data>
    1.8109702741783132e-03 2.6332433325941667e+00
    -6.6728102260896580e-02 3.6857817565239723e+00
    3.1053619573181797e+00 1.0044016647806372e+02
    -4.8485493939264351e-02 -1.0047314016055674e+02
    3.1085472130417271e+00</data></E>
<F type_id="opencv-matrix">
  <rows>3</rows>
  <cols>3</cols>
  <dt>d</dt>
  <data>
    7.3205511354791505e-10 1.0644455485146790e-06
    -4.5681495445900255e-04 1.4899169913262301e-06
    1.2552917807021392e-06 5.5625042082194931e-02
    -6.7841233069378657e-04 -5.8423070987900942e-02 1.</data></F>
<R1 type_id="opencv-matrix">
  <rows>3</rows>
  <cols>3</cols>
  <dt>d</dt>
  <data>
    9.9932789553172341e-01 -1.6152889563856620e-03
    -3.6621688297023870e-02 1.0489521487140083e-03
    9.9987965121299827e-01 -1.5478462118780957e-02
    3.6642283110181674e-02 1.5429644576600178e-02 9.9920932199250090e-01</data></R1>
<R2 type_id="opencv-matrix">
  <rows>3</rows>
  <cols>3</cols>
  <dt>d</dt>
  <data>
    9.9965684381240583e-01 -1.4658378564460852e-04
    2.6194906608212283e-02 -2.5835399085299363e-04
    9.9988053727495418e-01 1.5454592584868648e-02
    -2.6194042685973234e-02 -1.5456056804458657e-02
    9.9953738421122751e-01</data></R2>
<P1 type_id="opencv-matrix">
  <rows>3</rows>
  <cols>4</cols>
  <dt>d</dt>
  <data>
    1.4059311401728933e+03 0. 7.2041142272949219e+02 0. 0.
    1.4059311401728933e+03 4.1095639801025391e+02 0. 0. 0. 1. 0.</data></P1>
<P2 type_id="opencv-matrix">
  <rows>3</rows>
  <cols>4</cols>
  <dt>d</dt>
  <data>
    1.4059311401728933e+03 0. 7.2041142272949219e+02
    -1.4137443690882894e+05 0. 1.4059311401728933e+03
    4.1095639801025391e+02 0. 0. 0. 1. 0.</data></P2>
<H1 type_id="opencv-matrix">
  <rows>0</rows>
  <cols>0</cols>
  <dt>u</dt>
  <data></data></H1>
<H2 type_id="opencv-matrix">
  <rows>0</rows>
  <cols>0</cols>
  <dt>u</dt>
  <data></data></H2>
<Q type_id="opencv-matrix">
  <rows>4</rows>
  <cols>4</cols>
  <dt>d</dt>
  <data>
    1. 0. 0. -7.2041142272949219e+02 0. 1. 0. -4.1095639801025391e+02 0.
    0. 0. 1.4059311401728933e+03 0. 0. 9.9447337928536914e-03 0.</data></Q>
<rms>7.1086986920166031e-02</rms>
<avgErr>3.8090703516830630e-02</avgErr>
<nframes>15</nframes>
<num_Im>30</num_Im>
</opencv_storage>
