<?xml version="1.0"?>
<opencv_storage>
<M1 type_id="opencv-matrix">
  <rows>3</rows>
  <cols>3</cols>
  <dt>d</dt>
  <data>
    8.2527296625501765e+02 0. 6.3681788143983022e+02 0.
    8.2527296625501765e+02 4.7302202079288617e+02 0. 0. 1.</data></M1>
<D1 type_id="opencv-matrix">
  <rows>1</rows>
  <cols>14</cols>
  <dt>d</dt>
  <data>
    -2.7330918992449177e-01 1.0200661611570026e-01
    -3.4922540878975245e-03 -3.6132372028585204e-03
    -2.0411299284494009e-02 0. 0. 0. 0. 0. 0. 0. 3.4686910271225002e-02
    -2.5054932560658955e-02</data></D1>
<M2 type_id="opencv-matrix">
  <rows>3</rows>
  <cols>3</cols>
  <dt>d</dt>
  <data>
    8.4041622058922451e+02 0. 6.5582689406744441e+02 0.
    8.4041622058922451e+02 4.5434569217567378e+02 0. 0. 1.</data></M2>
<D2 type_id="opencv-matrix">
  <rows>1</rows>
  <cols>14</cols>
  <dt>d</dt>
  <data>
    -3.2238797264964797e-01 1.7434951951217667e-01
    4.4852158069094223e-04 -6.7119384951680905e-04
    -5.2865153002572059e-02 0. 0. 0. 0. 0. 0. 0. 1.3934299406057171e-02
    -1.9820246627035753e-02</data></D2>
<imageSize>
  1280 1024</imageSize>
<R type_id="opencv-matrix">
  <rows>3</rows>
  <cols>3</cols>
  <dt>d</dt>
  <data>
    9.9994820383988592e-01 -1.2513564776025050e-03
    -1.0100680390543439e-02 1.4862829454865892e-03
    9.9972777250904643e-01 2.3284583679037896e-02 1.0068793393048753e-02
    -2.3298390096015743e-02 9.9967785031906253e-01</data></R>
<T type_id="opencv-matrix">
  <rows>3</rows>
  <cols>1</cols>
  <dt>d</dt>
  <data>
    -9.8112082381975270e+01 -1.9983890648402133e-01
    2.2835301833555217e+00</data></T>
<E type_id="opencv-matrix">
  <rows>3</rows>
  <cols>3</cols>
  <dt>d</dt>
  <data>
    -5.4061086283055775e-03 -2.2782526188635641e+00
    -2.5294557808200901e-01 3.2712821921264070e+00
    -2.2887110787544360e+00 9.8057410397395572e+01
    5.4006240805518968e-02 -9.8085623645666303e+01
    -2.2865175010717533e+00</data></E>
<F type_id="opencv-matrix">
  <rows>3</rows>
  <cols>3</cols>
  <dt>d</dt>
  <data>
    -1.0972218567798255e-08 -4.6239332957437628e-06
    1.7705330598580542e-03 6.6393825349763756e-06
    -4.6451597482061442e-06 1.6221250750232513e-01
    -2.9172602230915510e-03 -1.6216220207630766e-01 1.</data></F>
<R1 type_id="opencv-matrix">
  <rows>3</rows>
  <cols>3</cols>
  <dt>d</dt>
  <data>
    9.9944414144421301e-01 1.3268331899583530e-03
    -3.3311374131458932e-02 -9.3829833191644177e-04
    9.9993138532368175e-01 1.1676653668885003e-02 3.3324581453940710e-02
    -1.1638907094258801e-02 9.9937680987331834e-01</data></R1>
<R2 type_id="opencv-matrix">
  <rows>3</rows>
  <cols>3</cols>
  <dt>d</dt>
  <data>
    9.9972718127760241e-01 2.0362872934553528e-03
    -2.3268359392069296e-02 -2.3074624945889815e-03
    9.9992966795416516e-01 -1.1633346977931766e-02
    2.3243034044118514e-02 1.1683864049679854e-02 9.9966156707622422e-01</data></R2>
<P1 type_id="opencv-matrix">
  <rows>3</rows>
  <cols>4</cols>
  <dt>d</dt>
  <data>
    8.3284459342212108e+02 0. 6.3700031280517578e+02 0. 0.
    8.3284459342212108e+02 4.2655718994140625e+02 0. 0. 0. 1. 0.</data></P1>
<P2 type_id="opencv-matrix">
  <rows>3</rows>
  <cols>4</cols>
  <dt>d</dt>
  <data>
    8.3284459342212108e+02 0. 6.3700031280517578e+02
    -8.1734416040173834e+04 0. 8.3284459342212108e+02
    4.2655718994140625e+02 0. 0. 0. 1. 0.</data></P2>
<H1 type_id="opencv-matrix">
  <rows>0</rows>
  <cols>0</cols>
  <dt>u</dt>
  <data></data></H1>
<H2 type_id="opencv-matrix">
  <rows>0</rows>
  <cols>0</cols>
  <dt>u</dt>
  <data></data></H2>
<Q type_id="opencv-matrix">
  <rows>4</rows>
  <cols>4</cols>
  <dt>d</dt>
  <data>
    1. 0. 0. -6.3700031280517578e+02 0. 1. 0. -4.2655718994140625e+02 0.
    0. 0. 8.3284459342212108e+02 0. 0. 1.0189643895085322e-02 0.</data></Q>
<rms>1.3834724841869439e-01</rms>
<avgErr>3.3517880734102228e+00</avgErr>
<nframes>24</nframes>
<num_Im>48</num_Im>
</opencv_storage>
