<?xml version="1.0"?>
<opencv_storage>
<M1 type_id="opencv-matrix">
  <rows>3</rows>
  <cols>3</cols>
  <dt>d</dt>
  <data>
    9.0232108778734278e+02 0. 6.1602260725322969e+02 0.
    9.0232108778734278e+02 4.7860020525638163e+02 0. 0. 1.</data></M1>
<D1 type_id="opencv-matrix">
  <rows>1</rows>
  <cols>14</cols>
  <dt>d</dt>
  <data>
    -3.0572899627892042e-01 1.2665877818836518e-01
    -2.7892120258538838e-03 1.6856074927898898e-03
    -2.8506559064924934e-02 0. 0. 0. 0. 0. 0. 0. 1.9666010702766225e-02
    4.1097967133170502e-03</data></D1>
<M2 type_id="opencv-matrix">
  <rows>3</rows>
  <cols>3</cols>
  <dt>d</dt>
  <data>
    9.1909950513079377e+02 0. 6.5499160400889411e+02 0.
    9.1909950513079377e+02 4.6213862909914485e+02 0. 0. 1.</data></M2>
<D2 type_id="opencv-matrix">
  <rows>1</rows>
  <cols>14</cols>
  <dt>d</dt>
  <data>
    -3.6414618447271613e-01 2.3576606008421278e-01
    1.2534004367403316e-03 -5.7246690635895836e-04
    -8.9752173454130571e-02 0. 0. 0. 0. 0. 0. 0. -3.7617852391410108e-04
    -1.6949614265500006e-02</data></D2>
<imageSize>
  1280 1024</imageSize>
<R type_id="opencv-matrix">
  <rows>3</rows>
  <cols>3</cols>
  <dt>d</dt>
  <data>
    9.9950956748071262e-01 -1.6598856896747199e-03
    -3.1270901714150402e-02 2.2710061449825077e-03
    9.9980693790059516e-01 1.9517414196682854e-02 3.1232467811690662e-02
    -1.9578858632020378e-02 9.9932036967584081e-01</data></R>
<T type_id="opencv-matrix">
  <rows>3</rows>
  <cols>1</cols>
  <dt>d</dt>
  <data>
    -9.8187735283056497e+01 -6.9676732470677771e-01
    3.7498940933832063e+00</data></T>
<E type_id="opencv-matrix">
  <rows>3</rows>
  <cols>3</cols>
  <dt>d</dt>
  <data>
    -3.0277795570249122e-02 -3.7355282220071468e+00
    -7.6948201671827832e-01 6.8147003051067934e+00
    -1.9286281840486050e+00 9.8003741351064960e+01
    4.7344065716262762e-01 -9.8169935506858266e+01
    -1.9381592410822019e+00</data></E>
<F type_id="opencv-matrix">
  <rows>3</rows>
  <cols>3</cols>
  <dt>d</dt>
  <data>
    -2.4708047324453000e-08 -3.0483595768072933e-06
    9.0756990916985691e-04 5.5611029293688294e-06
    -1.5738476182054064e-06 6.9491036164108080e-02
    -2.1987238028171210e-03 -7.0906083730747263e-02
    9.9999999999999989e-01</data></F>
<R1 type_id="opencv-matrix">
  <rows>3</rows>
  <cols>3</cols>
  <dt>d</dt>
  <data>
    9.9758053381228384e-01 6.1780989423901407e-03
    -6.9245286137446571e-02 -5.4953113095230930e-03
    9.9993443174833407e-01 1.0046579405336441e-02 6.9302814606697169e-02
    -9.6417476421207515e-03 9.9754907477777510e-01</data></R1>
<R2 type_id="opencv-matrix">
  <rows>3</rows>
  <cols>3</cols>
  <dt>d</dt>
  <data>
    9.9924639547684246e-01 7.0909287773281400e-03
    -3.8162283155132010e-02 -7.4665586811728784e-03
    9.9992498567343480e-01 -9.7094555687596406e-03
    3.8090571379256227e-02 9.9870794057109538e-03 9.9922438251723300e-01</data></R2>
<P1 type_id="opencv-matrix">
  <rows>3</rows>
  <cols>4</cols>
  <dt>d</dt>
  <data>
    9.1071029645906833e+02 0. 6.4832869720458984e+02 0. 0.
    9.1071029645906833e+02 4.3061415100097656e+02 0. 0. 0. 1. 0.</data></P1>
<P2 type_id="opencv-matrix">
  <rows>3</rows>
  <cols>4</cols>
  <dt>d</dt>
  <data>
    9.1071029645906833e+02 0. 6.4832869720458984e+02
    -8.9488020084981341e+04 0. 9.1071029645906833e+02
    4.3061415100097656e+02 0. 0. 0. 1. 0.</data></P2>
<H1 type_id="opencv-matrix">
  <rows>0</rows>
  <cols>0</cols>
  <dt>u</dt>
  <data></data></H1>
<H2 type_id="opencv-matrix">
  <rows>0</rows>
  <cols>0</cols>
  <dt>u</dt>
  <data></data></H2>
<Q type_id="opencv-matrix">
  <rows>4</rows>
  <cols>4</cols>
  <dt>d</dt>
  <data>
    1. 0. 0. -6.4832869720458984e+02 0. 1. 0. -4.3061415100097656e+02 0.
    0. 0. 9.1071029645906833e+02 0. 0. 1.0176896254875480e-02 0.</data></Q>
<rms>1.3834724841869439e-01</rms>
<avgErr>2.3744745326000127e+00</avgErr>
<nframes>21</nframes>
<num_Im>42</num_Im>
</opencv_storage>
