<?xml version="1.0"?>
<opencv_storage>
<M1 type_id="opencv-matrix">
  <rows>3</rows>
  <cols>3</cols>
  <dt>d</dt>
  <data>
    1.3482842408969607e+03 0. 6.5666172040999959e+02 0.
    1.3628994198115267e+03 4.6423248713848221e+02 0. 0. 1.</data></M1>
<D1 type_id="opencv-matrix">
  <rows>1</rows>
  <cols>5</cols>
  <dt>d</dt>
  <data>
    -2.0051693175561824e-02 -2.1289994363669393e+00
    7.7444778181685100e-03 -2.7229881479843886e-03
    3.8215770976551986e+00</data></D1>
<M2 type_id="opencv-matrix">
  <rows>3</rows>
  <cols>3</cols>
  <dt>d</dt>
  <data>
    1.3728557694163758e+03 0. 5.9498522091932159e+02 0.
    1.3908592614938434e+03 4.7839007246496789e+02 0. 0. 1.</data></M2>
<D2 type_id="opencv-matrix">
  <rows>1</rows>
  <cols>5</cols>
  <dt>d</dt>
  <data>
    -2.3266657339339558e-01 -1.2645121115993705e+00
    4.7434119271602621e-03 1.4154558565571402e-02 2.8678303746723754e+00</data></D2>
<imageSize>
  1280 1024</imageSize>
<R type_id="opencv-matrix">
  <rows>3</rows>
  <cols>3</cols>
  <dt>d</dt>
  <data>
    9.9872508020073603e-01 -2.7674999180578972e-03
    5.0403919711039961e-02 3.2782423504614335e-03 9.9994409218881763e-01
    -1.0053139995698002e-02 -5.0373279674099582e-02
    1.0205559312698707e-02 9.9867831620296532e-01</data></R>
<T type_id="opencv-matrix">
  <rows>3</rows>
  <cols>1</cols>
  <dt>d</dt>
  <data>
    -9.3364683009167109e+01 3.9095942922883854e-02
    8.8883612502840723e+00</data></T>
<E type_id="opencv-matrix">
  <rows>3</rows>
  <cols>3</cols>
  <dt>d</dt>
  <data>
    -3.1107593143858643e-02 -8.8874653254971854e+00
    1.2840021043003599e-01 4.1739440136386472e+00 9.2824027112953789e-01
    9.3689292667240650e+01 -3.4511815660923922e-01
    -9.3359354996079489e+01 9.3663764017701123e-01</data></E>
<F type_id="opencv-matrix">
  <rows>3</rows>
  <cols>3</cols>
  <dt>d</dt>
  <data>
    -1.4748385493543717e-07 -4.1684408339119993e-05
    2.0268880723252069e-02 1.9532886043618289e-05 4.2973215843973125e-06
    5.7631972691524902e-01 -1.1502903751824228e-02
    -5.7839813539000318e-01 1.</data></F>
<R1 type_id="opencv-matrix">
  <rows>3</rows>
  <cols>3</cols>
  <dt>d</dt>
  <data>
    9.9900234763711393e-01 -4.1390803880666195e-03
    -4.4465463329151314e-02 3.9174698813577652e-03
    9.9997947474688531e-01 -5.0698633780367017e-03
    4.4485535236339843e-02 4.8906133035055248e-03 9.9899805758382332e-01</data></R1>
<R2 type_id="opencv-matrix">
  <rows>3</rows>
  <cols>3</cols>
  <dt>d</dt>
  <data>
    9.9549892102567827e-01 -4.1685964908587657e-04
    -9.4771960329748689e-02 8.8949132036889272e-04
    9.9998737854519504e-01 4.9448514133054299e-03 9.4768702860709694e-02
    -5.0068930827055118e-03 9.9548672717407782e-01</data></R2>
<P1 type_id="opencv-matrix">
  <rows>3</rows>
  <cols>4</cols>
  <dt>d</dt>
  <data>
    1.3768793406526852e+03 0. 7.5557397460937500e+02 0. 0.
    1.3768793406526852e+03 4.7706027603149414e+02 0. 0. 0. 1. 0.</data></P1>
<P2 type_id="opencv-matrix">
  <rows>3</rows>
  <cols>4</cols>
  <dt>d</dt>
  <data>
    1.3768793406526852e+03 0. 7.5557397460937500e+02
    -1.2913314165068096e+05 0. 1.3768793406526852e+03
    4.7706027603149414e+02 0. 0. 0. 1. 0.</data></P2>
<H1 type_id="opencv-matrix">
  <rows>0</rows>
  <cols>0</cols>
  <dt>u</dt>
  <data></data></H1>
<H2 type_id="opencv-matrix">
  <rows>0</rows>
  <cols>0</cols>
  <dt>u</dt>
  <data></data></H2>
<Q type_id="opencv-matrix">
  <rows>4</rows>
  <cols>4</cols>
  <dt>d</dt>
  <data>
    1. 0. 0. -7.5557397460937500e+02 0. 1. 0. -4.7706027603149414e+02 0.
    0. 0. 1.3768793406526852e+03 0. 0. 1.0662478454812878e-02 0.</data></Q>
<rmsStereo>5.2142365945432267e+00</rmsStereo>
<avgErr>5.4946022363356599e+00</avgErr>
<nframes>15</nframes>
<num_Im>30</num_Im>
</opencv_storage>
