<?xml version="1.0"?>
<opencv_storage>
<M1 type_id="opencv-matrix">
  <rows>3</rows>
  <cols>3</cols>
  <dt>d</dt>
  <data>
    6.4180699381529848e+02 0. 5.2173473137626411e+02 0.
    6.4493045521338684e+02 3.3713364402341779e+02 0. 0. 1.</data></M1>
<D1 type_id="opencv-matrix">
  <rows>1</rows>
  <cols>14</cols>
  <dt>d</dt>
  <data>
    -3.4990437409100944e-01 2.1546443675641769e-01
    4.5960776978197964e-03 -1.4862469951756130e-02
    -6.7485722419823313e-02 0. 0. 0. 0. 0. 0. 0. -2.4096317384318451e-02
    -6.0880481866650557e-02</data></D1>
<M2 type_id="opencv-matrix">
  <rows>3</rows>
  <cols>3</cols>
  <dt>d</dt>
  <data>
    6.4276788306166657e+02 0. 5.0737141885840259e+02 0.
    6.4412286523795478e+02 3.4860196630981955e+02 0. 0. 1.</data></M2>
<D2 type_id="opencv-matrix">
  <rows>1</rows>
  <cols>14</cols>
  <dt>d</dt>
  <data>
    -3.7162620495750981e-01 2.7740610877531557e-01
    1.4631550327874915e-03 -1.0821528112914600e-02
    -1.0866167823614925e-01 0. 0. 0. 0. 0. 0. 0. -1.0404029868749271e-02
    -3.6962781826446321e-02</data></D2>
<imageSize>
  1280 1024</imageSize>
<R type_id="opencv-matrix">
  <rows>3</rows>
  <cols>3</cols>
  <dt>d</dt>
  <data>
    9.9945488042997221e-01 -6.6708529067631460e-04
    3.3007529170247546e-02 1.2265557003281328e-03 9.9985588367425449e-01
    -1.6932437600346986e-02 -3.2991476866363098e-02
    1.6963692970300277e-02 9.9931166088212220e-01</data></R>
<T type_id="opencv-matrix">
  <rows>3</rows>
  <cols>1</cols>
  <dt>d</dt>
  <data>
    -9.8392810658763892e+01 -4.8874627677813831e-01
    -5.5397615823043891e+00</data></T>
<E type_id="opencv-matrix">
  <rows>3</rows>
  <cols>3</cols>
  <dt>d</dt>
  <data>
    2.2919287631081291e-02 5.5306722704399993e+00
    -5.8221152091028339e-01 -8.7828658865176408e+00
    1.6728009239655681e+00 9.8142229196245395e+01 3.6779558883307484e-01
    -9.8378956683864075e+01 1.6821624337898797e+00</data></E>
<F type_id="opencv-matrix">
  <rows>3</rows>
  <cols>3</cols>
  <dt>d</dt>
  <data>
    -5.9155735221751911e-08 -1.4205784600669776e-05
    5.7845643382738081e-03 2.2621294040907934e-05
    -4.2876271558613925e-06 -1.7259069231110716e-01
    -8.4659914866378229e-03 1.7112384600059510e-01 1.</data></F>
<R1 type_id="opencv-matrix">
  <rows>3</rows>
  <cols>3</cols>
  <dt>d</dt>
  <data>
    9.9601378325686407e-01 5.2462206293935011e-03 8.9045048887943651e-02
    -4.4858133732568108e-03 9.9995176517969897e-01
    -8.7375507085354406e-03 -8.9086592934789349e-02
    8.3032814664832349e-03 9.9598927427766981e-01</data></R1>
<R2 type_id="opencv-matrix">
  <rows>3</rows>
  <cols>3</cols>
  <dt>d</dt>
  <data>
    9.9840649402361459e-01 4.9593812128964658e-03 5.6212785284658659e-02
    -5.4388261424251887e-03 9.9995010173756715e-01
    8.3793320271584038e-03 -5.6168424062514342e-02
    -8.6717110776397439e-03 9.9838364848655226e-01</data></R2>
<P1 type_id="opencv-matrix">
  <rows>3</rows>
  <cols>4</cols>
  <dt>d</dt>
  <data>
    6.4452666022567087e+02 0. 4.4867781448364258e+02 0. 0.
    6.4452666022567087e+02 3.6526117706298828e+02 0. 0. 0. 1. 0.</data></P1>
<P2 type_id="opencv-matrix">
  <rows>3</rows>
  <cols>4</cols>
  <dt>d</dt>
  <data>
    6.4452666022567087e+02 0. 4.4867781448364258e+02
    -6.3518005966225144e+04 0. 6.4452666022567087e+02
    3.6526117706298828e+02 0. 0. 0. 1. 0.</data></P2>
<H1 type_id="opencv-matrix">
  <rows>0</rows>
  <cols>0</cols>
  <dt>u</dt>
  <data></data></H1>
<H2 type_id="opencv-matrix">
  <rows>0</rows>
  <cols>0</cols>
  <dt>u</dt>
  <data></data></H2>
<Q type_id="opencv-matrix">
  <rows>4</rows>
  <cols>4</cols>
  <dt>d</dt>
  <data>
    1. 0. 0. -4.4867781448364258e+02 0. 1. 0. -3.6526117706298828e+02 0.
    0. 0. 6.4452666022567087e+02 0. 0. 1.0147148834747573e-02 0.</data></Q>
<rmsStereo>4.4321505613336845e+00</rmsStereo>
<avgErr>3.4302052190313099e+00</avgErr>
<nframes>38</nframes>
<num_Im>140</num_Im>
</opencv_storage>
