<?xml version="1.0"?>
<opencv_storage>
<M1 type_id="opencv-matrix">
  <rows>3</rows>
  <cols>3</cols>
  <dt>d</dt>
  <data>
    6.5316594206747322e+02 0. 4.6517124097650918e+02 0.
    6.5388788868344727e+02 3.3316643660066478e+02 0. 0. 1.</data></M1>
<D1 type_id="opencv-matrix">
  <rows>1</rows>
  <cols>14</cols>
  <dt>d</dt>
  <data>
    -3.0414613606946223e-01 1.2506769377610863e-01
    6.9591249368974317e-03 3.0898519055197549e-03
    -2.6977841738704534e-02 0. 0. 0. 0. 0. 0. 0. -2.5484100565010513e-02
    2.1535483412058593e-02</data></D1>
<M2 type_id="opencv-matrix">
  <rows>3</rows>
  <cols>3</cols>
  <dt>d</dt>
  <data>
    6.5383122000242645e+02 0. 5.0657499063990736e+02 0.
    6.5362379857041901e+02 3.5841734348875963e+02 0. 0. 1.</data></M2>
<D2 type_id="opencv-matrix">
  <rows>1</rows>
  <cols>14</cols>
  <dt>d</dt>
  <data>
    -3.2077591778013687e-01 1.4942866679321595e-01
    -7.7639184404529077e-04 -4.7421111492965294e-03
    -3.7262380325855243e-02 0. 0. 0. 0. 0. 0. 0. 6.7170923215373419e-03
    -1.5005872538219254e-02</data></D2>
<imageSize>
  1280 1024</imageSize>
<R type_id="opencv-matrix">
  <rows>3</rows>
  <cols>3</cols>
  <dt>d</dt>
  <data>
    9.9868862653297630e-01 -1.1980450737911243e-03
    -5.1181949178186283e-02 -8.7165438219309751e-04
    9.9918334299565881e-01 -4.0396624842399725e-02
    5.1188548058284315e-02 4.0388262750714443e-02 9.9787199618972366e-01</data></R>
<T type_id="opencv-matrix">
  <rows>3</rows>
  <cols>1</cols>
  <dt>d</dt>
  <data>
    -9.9103552124442729e+01 -1.2157131900411507e-01
    -4.5203612957073807e+00</data></T>
<E type_id="opencv-matrix">
  <rows>3</rows>
  <cols>3</cols>
  <dt>d</dt>
  <data>
    -1.0163252037850564e-02 4.5117596566181994e+00
    -3.0391995418884898e-01 5.5853352682589286e-01
    4.0080358993131959e+00 9.9124020290013931e+01 2.0779593910219457e-01
    -9.9022764162365064e+01 3.9972267586495254e+00</data></E>
<F type_id="opencv-matrix">
  <rows>3</rows>
  <cols>3</cols>
  <dt>d</dt>
  <data>
    -7.2186738587933479e-09 3.2010386607548965e-06
    -1.2041169450874062e-03 3.9683664551552919e-07
    2.8445551816923327e-06 4.4868447897360712e-02
    -4.2076309609152811e-05 -4.8576309381863809e-02
    9.9999999999999989e-01</data></F>
<R1 type_id="opencv-matrix">
  <rows>3</rows>
  <cols>3</cols>
  <dt>d</dt>
  <data>
    9.9998195251452093e-01 1.8679294705577587e-03
    -5.7101212543550772e-03 -1.9828099913642891e-03
    9.9979440208656045e-01 -2.0179742835701925e-02
    5.6712529289886064e-03 2.0190700727561166e-02 9.9978006206082415e-01</data></R1>
<R2 type_id="opencv-matrix">
  <rows>3</rows>
  <cols>3</cols>
  <dt>d</dt>
  <data>
    9.9896061998663233e-01 1.2254349879655601e-03 4.5565096565393343e-02
    -2.1451699729294130e-03 9.9979483481096343e-01
    2.0141661577573952e-02 -4.5531065896930123e-02
    -2.0218471614059912e-02 9.9875829680853245e-01</data></R2>
<P1 type_id="opencv-matrix">
  <rows>3</rows>
  <cols>4</cols>
  <dt>d</dt>
  <data>
    6.5375584362693314e+02 0. 5.0366771316528320e+02 0. 0.
    6.5375584362693314e+02 3.7804037094116211e+02 0. 0. 0. 1. 0.</data></P1>
<P2 type_id="opencv-matrix">
  <rows>3</rows>
  <cols>4</cols>
  <dt>d</dt>
  <data>
    6.5375584362693314e+02 0. 5.0366771316528320e+02
    -6.4856937329929766e+04 0. 6.5375584362693314e+02
    3.7804037094116211e+02 0. 0. 0. 1. 0.</data></P2>
<H1 type_id="opencv-matrix">
  <rows>0</rows>
  <cols>0</cols>
  <dt>u</dt>
  <data></data></H1>
<H2 type_id="opencv-matrix">
  <rows>0</rows>
  <cols>0</cols>
  <dt>u</dt>
  <data></data></H2>
<Q type_id="opencv-matrix">
  <rows>4</rows>
  <cols>4</cols>
  <dt>d</dt>
  <data>
    1. 0. 0. -5.0366771316528320e+02 0. 1. 0. -3.7804037094116211e+02 0.
    0. 0. 6.5375584362693314e+02 0. 0. 1.0079967857582478e-02 0.</data></Q>
<rmsStereo>2.0809997271049450e+00</rmsStereo>
<avgErr>1.7828087098851997e+00</avgErr>
<nframes>31</nframes>
<num_Im>74</num_Im>
</opencv_storage>
