<?xml version="1.0"?>
<opencv_storage>
<M1 type_id="opencv-matrix">
  <rows>3</rows>
  <cols>3</cols>
  <dt>d</dt>
  <data>
    5.6104973562321698e+02 0. 5.2892417005616824e+02 0.
    5.6239287823977497e+02 3.4997477595229515e+02 0. 0. 1.</data></M1>
<D1 type_id="opencv-matrix">
  <rows>1</rows>
  <cols>14</cols>
  <dt>d</dt>
  <data>
    -3.2700653726911300e-01 1.1191672157548936e-01
    -7.4234418967339703e-04 5.0550551387869140e-04
    -1.7584430561962770e-02 0. 0. 0. 0. 0. 0. 0. 6.0222942596662200e-03
    -2.8450301140698010e-03</data></D1>
<M2 type_id="opencv-matrix">
  <rows>3</rows>
  <cols>3</cols>
  <dt>d</dt>
  <data>
    5.6203070743020862e+02 0. 5.0200906997464483e+02 0.
    5.6302580120894027e+02 3.9350416309543419e+02 0. 0. 1.</data></M2>
<D2 type_id="opencv-matrix">
  <rows>1</rows>
  <cols>14</cols>
  <dt>d</dt>
  <data>
    -3.3242203383822311e-01 1.1843982606766908e-01
    -9.7666186511120054e-04 -3.2198929238089380e-03
    -1.9276151307105433e-02 0. 0. 0. 0. 0. 0. 0. 6.0766558610167399e-03
    -1.6103020627042768e-02</data></D2>
<imageSize>
  1024 768</imageSize>
<R type_id="opencv-matrix">
  <rows>3</rows>
  <cols>3</cols>
  <dt>d</dt>
  <data>
    9.9948555385996640e-01 7.4062725681500585e-03
    -3.1205364152379966e-02 -7.4275907150605988e-03
    9.9997225415321844e-01 -5.6729172442546031e-04
    3.1200296815990684e-02 7.9878055642584119e-04 9.9951283304828897e-01</data></R>
<T type_id="opencv-matrix">
  <rows>3</rows>
  <cols>1</cols>
  <dt>d</dt>
  <data>
    9.9130618840743381e+01 -3.7456762276903438e-01
    1.7846777358288177e+00</data></T>
<E type_id="opencv-matrix">
  <rows>3</rows>
  <cols>3</cols>
  <dt>d</dt>
  <data>
    1.5692347719635964e-03 -1.7849274157679396e+00
    -3.7337271289173829e-01 -1.3091451161276151e+00
    -6.5965801118589837e-02 -9.9138017197982691e+01
    -3.6192673617839749e-01 9.9130642527691094e+01
    -6.7924498773727346e-02</data></E>
<F type_id="opencv-matrix">
  <rows>3</rows>
  <cols>3</cols>
  <dt>d</dt>
  <data>
    7.8685032721588713e-10 -8.9286606404907994e-07
    2.0702600531334115e-04 -6.5527521871112968e-07
    -3.2939450114405762e-08 -2.7482414078837895e-02
    1.5546210306317619e-04 2.8330980334007386e-02 1.</data></F>
<R1 type_id="opencv-matrix">
  <rows>3</rows>
  <cols>3</cols>
  <dt>d</dt>
  <data>
    9.9990615959020757e-01 3.6416159654296021e-03
    -1.3206462309136415e-02 -3.6460748562984441e-03
    9.9999330388414942e-01 -3.1356818318526293e-04
    1.3205231982232677e-02 3.6169050798445389e-04 9.9991274170713107e-01</data></R1>
<R2 type_id="opencv-matrix">
  <rows>3</rows>
  <cols>3</cols>
  <dt>d</dt>
  <data>
    9.9983084499196029e-01 -3.7778868644151465e-03
    1.8000249262224037e-02 3.7718088370703880e-03 9.9999281765954162e-01
    3.7160116683944921e-04 -1.8001523845472506e-02
    -3.0364480940435517e-04 9.9983791333349159e-01</data></R2>
<P1 type_id="opencv-matrix">
  <rows>3</rows>
  <cols>4</cols>
  <dt>d</dt>
  <data>
    5.6270933972435762e+02 0. -9.1562585144042969e+03 0. 0.
    5.6270933972435762e+02 3.8140561866760254e+03 0. 0. 0. 1. 0.</data></P1>
<P2 type_id="opencv-matrix">
  <rows>3</rows>
  <cols>4</cols>
  <dt>d</dt>
  <data>
    5.6270933972435762e+02 0. 4.8341985321044922e+02
    5.5791162428870870e+04 0. 5.6270933972435762e+02
    3.8140561866760254e+03 0. 0. 0. 1. 0.</data></P2>
<H1 type_id="opencv-matrix">
  <rows>0</rows>
  <cols>0</cols>
  <dt>u</dt>
  <data></data></H1>
<H2 type_id="opencv-matrix">
  <rows>0</rows>
  <cols>0</cols>
  <dt>u</dt>
  <data></data></H2>
<Q type_id="opencv-matrix">
  <rows>4</rows>
  <cols>4</cols>
  <dt>d</dt>
  <data>
    1. 0. 0. 9.1562585144042969e+03 0. 1. 0. -3.8140561866760254e+03 0.
    0. 0. 5.6270933972435762e+02 0. 0. -1.0085994183070941e-02
    -9.7225739942437116e+01</data></Q>
<rmsStereo>1.8556819073414996e+00</rmsStereo>
<avgErr>1.5714358780503082e+00</avgErr>
<nframes>46</nframes>
<num_Im>98</num_Im>
</opencv_storage>
