<?xml version="1.0"?>
<opencv_storage>
<M1 type_id="opencv-matrix">
  <rows>3</rows>
  <cols>3</cols>
  <dt>d</dt>
  <data>
    5.6203158424286983e+02 0. 5.0201230103529446e+02 0.
    5.6302663576501129e+02 3.9350544493886764e+02 0. 0. 1.</data></M1>
<D1 type_id="opencv-matrix">
  <rows>1</rows>
  <cols>14</cols>
  <dt>d</dt>
  <data>
    -3.3242405439971245e-01 1.1844268029015176e-01
    -9.7713707337625266e-04 -3.2205476536318468e-03
    -1.9277000422711851e-02 0. 0. 0. 0. 0. 0. 0. 6.0785993350386779e-03
    -1.6105709954965668e-02</data></D1>
<M2 type_id="opencv-matrix">
  <rows>3</rows>
  <cols>3</cols>
  <dt>d</dt>
  <data>
    5.6105050465931185e+02 0. 5.2892591896907186e+02 0.
    5.6239338989786984e+02 3.4997390302017038e+02 0. 0. 1.</data></M2>
<D2 type_id="opencv-matrix">
  <rows>1</rows>
  <cols>14</cols>
  <dt>d</dt>
  <data>
    -3.2700560839435155e-01 1.1191533065009895e-01
    -7.4206217755241682e-04 5.0534493728670161e-04
    -1.7583967496626274e-02 0. 0. 0. 0. 0. 0. 0. 6.0212215028604228e-03
    -2.8462816351721349e-03</data></D2>
<imageSize>
  1024 768</imageSize>
<R type_id="opencv-matrix">
  <rows>3</rows>
  <cols>3</cols>
  <dt>d</dt>
  <data>
    9.9948547163505497e-01 -7.4276980213742955e-03
    3.1202905194148391e-02 7.4062550886639820e-03 9.9997225111895727e-01
    8.0273136641552129e-04 -3.1208001794625993e-02
    -5.7122166298280105e-04 9.9951274845786653e-01</data></R>
<T type_id="opencv-matrix">
  <rows>3</rows>
  <cols>1</cols>
  <dt>d</dt>
  <data>
    -9.9138061519866071e+01 -3.6104247519798238e-01
    1.3090610423681304e+00</data></T>
<E type_id="opencv-matrix">
  <rows>3</rows>
  <cols>3</cols>
  <dt>d</dt>
  <data>
    1.5721742075041015e-03 -1.3088184821058979e+00
    -3.6191738105442800e-01 -1.7855133084973351e+00
    -6.6353118480525067e-02 9.9130602854104751e+01
    -3.7338506400824795e-01 -9.9137992264068799e+01
    -6.8315657462964779e-02</data></E>
<F type_id="opencv-matrix">
  <rows>3</rows>
  <cols>3</cols>
  <dt>d</dt>
  <data>
    7.8836273176941700e-10 -6.5514377498040523e-07
    1.5540795301886693e-04 -8.9320317874838735e-07
    -3.3134489835006632e-08 2.8332635663303039e-02
    2.0713365671787138e-04 -2.7483807368834257e-02 1.</data></F>
<R1 type_id="opencv-matrix">
  <rows>3</rows>
  <cols>3</cols>
  <dt>d</dt>
  <data>
    9.9983073800414723e-01 -3.7780870628652962e-03
    1.8006148956053288e-02 3.7719716891442428e-03 9.9999281630906778e-01
    3.7357708103490881e-04 -1.8007431012181149e-02
    -3.0559516453980678e-04 9.9983780636658104e-01</data></R1>
<R2 type_id="opencv-matrix">
  <rows>3</rows>
  <cols>3</cols>
  <dt>d</dt>
  <data>
    9.9990620337788916e-01 3.6414733665229458e-03
    -1.3203185908567880e-02 -3.6459570701252312e-03
    9.9999330369392225e-01 -3.1553820372083184e-04
    1.3201948472028860e-02 3.6364685631471084e-04 9.9991278435546849e-01</data></R2>
<P1 type_id="opencv-matrix">
  <rows>3</rows>
  <cols>4</cols>
  <dt>d</dt>
  <data>
    5.6271001283144051e+02 0. 4.8341699981689453e+02 0. 0.
    5.6271001283144051e+02 3.7283423118591309e+03 0. 0. 0. 1. 0.</data></P1>
<P2 type_id="opencv-matrix">
  <rows>3</rows>
  <cols>4</cols>
  <dt>d</dt>
  <data>
    5.6271001283144051e+02 0. -8.9147479324340820e+03
    -5.5791212897241225e+04 0. 5.6271001283144051e+02
    3.7283423118591309e+03 0. 0. 0. 1. 0.</data></P2>
<H1 type_id="opencv-matrix">
  <rows>0</rows>
  <cols>0</cols>
  <dt>u</dt>
  <data></data></H1>
<H2 type_id="opencv-matrix">
  <rows>0</rows>
  <cols>0</cols>
  <dt>u</dt>
  <data></data></H2>
<Q type_id="opencv-matrix">
  <rows>4</rows>
  <cols>4</cols>
  <dt>d</dt>
  <data>
    1. 0. 0. -4.8341699981689453e+02 0. 1. 0. -3.7283423118591309e+03 0.
    0. 0. 5.6271001283144051e+02 0. 0. 1.0085997124096678e-02
    -9.4789864478469610e+01</data></Q>
<rmsStereo>1.8556819072735338e+00</rmsStereo>
<avgErr>1.5714253700201830e+00</avgErr>
<nframes>46</nframes>
<num_Im>98</num_Im>
</opencv_storage>
