<?xml version="1.0"?>
<opencv_storage>
<M1 type_id="opencv-matrix">
  <rows>3</rows>
  <cols>3</cols>
  <dt>d</dt>
  <data>
    5.5939960181078970e+02 0. 5.2869999657109474e+02 0.
    5.5951098484469435e+02 3.5001926736752995e+02 0. 0. 1.</data></M1>
<D1 type_id="opencv-matrix">
  <rows>1</rows>
  <cols>14</cols>
  <dt>d</dt>
  <data>
    -3.3326608700972815e-01 1.2053466316330798e-01
    -8.2260945811246091e-04 2.1926312495386064e-03
    -2.0201836117175291e-02 0. 0. 0. 0. 0. 0. 0. 5.1004806136044391e-03
    9.3495442044214064e-03</data></D1>
<M2 type_id="opencv-matrix">
  <rows>3</rows>
  <cols>3</cols>
  <dt>d</dt>
  <data>
    5.5902286615855212e+02 0. 5.0354183026119125e+02 0.
    5.5917883982359024e+02 3.9457210991353020e+02 0. 0. 1.</data></M2>
<D2 type_id="opencv-matrix">
  <rows>1</rows>
  <cols>14</cols>
  <dt>d</dt>
  <data>
    -3.3415824834003949e-01 1.2109617605294794e-01
    -6.6321435676425222e-04 -3.0054005489503163e-03
    -2.0070748404329004e-02 0. 0. 0. 0. 0. 0. 0. 4.2371687896663353e-03
    -1.1902457062119200e-02</data></D2>
<imageSize>
  1024 768</imageSize>
<R type_id="opencv-matrix">
  <rows>3</rows>
  <cols>3</cols>
  <dt>d</dt>
  <data>
    9.9933107339720195e-01 7.6068264973988267e-03
    -3.5770685392296969e-02 -7.6999686273976830e-03
    9.9996731209132872e-01 -2.4668262971587868e-03
    3.5750751403758052e-02 2.7406093267253163e-03 9.9935697967972636e-01</data></R>
<T type_id="opencv-matrix">
  <rows>3</rows>
  <cols>1</cols>
  <dt>d</dt>
  <data>
    1.0003197981292294e+02 -4.4180431130686842e-01
    1.3529905357593370e+00</data></T>
<E type_id="opencv-matrix">
  <rows>3</rows>
  <cols>3</cols>
  <dt>d</dt>
  <data>
    -5.3768514241275076e-03 -1.3541571223444260e+00
    -4.3818262952369552e-01 -2.2241329583209182e+00
    -2.6385661258795123e-01 -1.0001605461601943e+02
    -3.2873432964618066e-01 1.0003207070544453e+02
    -2.6256516138409364e-01</data></E>
<F type_id="opencv-matrix">
  <rows>3</rows>
  <cols>3</cols>
  <dt>d</dt>
  <data>
    -2.8319605752903367e-09 -7.1308575507202585e-07
    1.2198796859102780e-04 -1.1711128780736608e-06
    -1.3890552781838710e-07 -2.8792019013372791e-02
    3.6672375227815378e-04 2.9860909146428343e-02 1.</data></F>
<R1 type_id="opencv-matrix">
  <rows>3</rows>
  <cols>3</cols>
  <dt>d</dt>
  <data>
    9.9974743767713381e-01 3.2270818739059954e-03
    -2.2240656478267080e-02 -3.2563424549154167e-03
    9.9999387948149743e-01 -1.2795442003738135e-03
    2.2236391160021702e-02 1.3516442296337464e-03 9.9975182718815514e-01</data></R1>
<R2 type_id="opencv-matrix">
  <rows>3</rows>
  <cols>3</cols>
  <dt>d</dt>
  <data>
    9.9989879139770244e-01 -4.4161836818204375e-03
    1.3524210997407450e-02 4.3983859118944760e-03 9.9998942192091789e-01
    1.3454544357318979e-03 -1.3530009711157710e-02
    -1.2858335650484988e-03 9.9990763846930319e-01</data></R2>
<P1 type_id="opencv-matrix">
  <rows>3</rows>
  <cols>4</cols>
  <dt>d</dt>
  <data>
    5.5934491233414224e+02 0. 5.5148315429687500e+02 0. 0.
    5.5934491233414224e+02 3.7219763565063477e+02 0. 0. 0. 1. 0.</data></P1>
<P2 type_id="opencv-matrix">
  <rows>3</rows>
  <cols>4</cols>
  <dt>d</dt>
  <data>
    5.5934491233414224e+02 0. 4.8957993316650391e+02
    5.5958042414330128e+04 0. 5.5934491233414224e+02
    3.7219763565063477e+02 0. 0. 0. 1. 0.</data></P2>
<H1 type_id="opencv-matrix">
  <rows>0</rows>
  <cols>0</cols>
  <dt>u</dt>
  <data></data></H1>
<H2 type_id="opencv-matrix">
  <rows>0</rows>
  <cols>0</cols>
  <dt>u</dt>
  <data></data></H2>
<Q type_id="opencv-matrix">
  <rows>4</rows>
  <cols>4</cols>
  <dt>d</dt>
  <data>
    1. 0. 0. -5.5148315429687500e+02 0. 1. 0. -3.7219763565063477e+02 0.
    0. 0. 5.5934491233414224e+02 0. 0. -9.9957912786259526e-03
    6.1877167789381715e-01</data></Q>
<rmsStereo>5.8639302729883858e-01</rmsStereo>
<avgErr>8.3069107109436746e-01</avgErr>
<nframes>67</nframes>
<num_Im>136</num_Im>
</opencv_storage>
