<?xml version="1.0"?>
<opencv_storage>
<M1 type_id="opencv-matrix">
  <rows>3</rows>
  <cols>3</cols>
  <dt>d</dt>
  <data>
    5.5902357115473512e+02 0. 5.0354438141709312e+02 0.
    5.5917958977428293e+02 3.9457206936035925e+02 0. 0. 1.</data></M1>
<D1 type_id="opencv-matrix">
  <rows>1</rows>
  <cols>14</cols>
  <dt>d</dt>
  <data>
    -3.3415964566781042e-01 1.2109809971922117e-01
    -6.6319153807225693e-04 -3.0059579163838317e-03
    -2.0071301784243156e-02 0. 0. 0. 0. 0. 0. 0. 4.2370802845348244e-03
    -1.1904565786958456e-02</data></D1>
<M2 type_id="opencv-matrix">
  <rows>3</rows>
  <cols>3</cols>
  <dt>d</dt>
  <data>
    5.5940014796124217e+02 0. 5.2869995344538620e+02 0.
    5.5951143896955375e+02 3.5001908834748582e+02 0. 0. 1.</data></M2>
<D2 type_id="opencv-matrix">
  <rows>1</rows>
  <cols>14</cols>
  <dt>d</dt>
  <data>
    -3.3326520230413081e-01 1.2053340131092796e-01
    -8.2256259606221271e-04 2.1928778082843073e-03
    -2.0201330651676765e-02 0. 0. 0. 0. 0. 0. 0. 5.1002354573103066e-03
    9.3501817275775008e-03</data></D2>
<imageSize>
  1024 768</imageSize>
<R type_id="opencv-matrix">
  <rows>3</rows>
  <cols>3</cols>
  <dt>d</dt>
  <data>
    9.9933090321806328e-01 -7.6999973704145836e-03
    3.5755501868458939e-02 7.6068330401555450e-03 9.9996731123878657e-01
    2.7409022184078685e-03 -3.5775438005270596e-02
    -2.4670821565735729e-03 9.9935680892320122e-01</data></R>
<T type_id="opencv-matrix">
  <rows>3</rows>
  <cols>1</cols>
  <dt>d</dt>
  <data>
    -1.0001683795264950e+02 -3.2284252558263665e-01
    2.2250004717256826e+00</data></T>
<E type_id="opencv-matrix">
  <rows>3</rows>
  <cols>3</cols>
  <dt>d</dt>
  <data>
    -5.3753743432379906e-03 -2.2241312601823147e+00
    -3.2873338487988218e-01 -1.3546344545879641e+00
    -2.6388225405135107e-01 1.0003206402347283e+02
    -4.3818487482240026e-01 -1.0001605441271438e+02
    -2.6259297649586932e-01</data></E>
<F type_id="opencv-matrix">
  <rows>3</rows>
  <cols>3</cols>
  <dt>d</dt>
  <data>
    -2.8313238001792977e-09 -1.1711702955528559e-06
    3.6674137569370327e-04 -7.1337280633526194e-07
    -1.3892596648151226e-07 2.9862572162150176e-02
    1.2208075135525676e-04 -2.8793477134985306e-02 1.</data></F>
<R1 type_id="opencv-matrix">
  <rows>3</rows>
  <cols>3</cols>
  <dt>d</dt>
  <data>
    9.9989872669805557e-01 -4.4162221395655727e-03
    1.3528981100625437e-02 4.3984162844466490e-03 9.9998942159308468e-01
    1.3455987948501136e-03 -1.3534780448746998e-02
    -1.2859564308320966e-03 9.9990757374582484e-01</data></R1>
<R2 type_id="opencv-matrix">
  <rows>3</rows>
  <cols>3</cols>
  <dt>d</dt>
  <data>
    9.9974743808564293e-01 3.2270665066321544e-03
    -2.2240640344987302e-02 -3.2563300382195768e-03
    9.9999387935070505e-01 -1.2796780101675901e-03
    2.2236374611781767e-02 1.3517776774642101e-03 9.9975182737579182e-01</data></R2>
<P1 type_id="opencv-matrix">
  <rows>3</rows>
  <cols>4</cols>
  <dt>d</dt>
  <data>
    5.5934551437191840e+02 0. 4.8957756042480469e+02 0. 0.
    5.5934551437191840e+02 3.7219750595092773e+02 0. 0. 0. 1. 0.</data></P1>
<P2 type_id="opencv-matrix">
  <rows>3</rows>
  <cols>4</cols>
  <dt>d</dt>
  <data>
    5.5934551437191840e+02 0. 5.5148308563232422e+02
    -5.5958102555982841e+04 0. 5.5934551437191840e+02
    3.7219750595092773e+02 0. 0. 0. 1. 0.</data></P2>
<H1 type_id="opencv-matrix">
  <rows>0</rows>
  <cols>0</cols>
  <dt>u</dt>
  <data></data></H1>
<H2 type_id="opencv-matrix">
  <rows>0</rows>
  <cols>0</cols>
  <dt>u</dt>
  <data></data></H2>
<Q type_id="opencv-matrix">
  <rows>4</rows>
  <cols>4</cols>
  <dt>d</dt>
  <data>
    1. 0. 0. -4.8957756042480469e+02 0. 1. 0. -3.7219750595092773e+02 0.
    0. 0. 5.5934551437191840e+02 0. 0. 9.9957912942513650e-03
    6.1879470993538221e-01</data></Q>
<rmsStereo>5.8639302525740689e-01</rmsStereo>
<avgErr>8.3068224683922920e-01</avgErr>
<nframes>67</nframes>
<num_Im>136</num_Im>
</opencv_storage>
