<?xml version="1.0"?>
<opencv_storage>
<M1 type_id="opencv-matrix">
  <rows>3</rows>
  <cols>3</cols>
  <dt>d</dt>
  <data>
    5.574724545629863e+02 0. 4.943030728124060e+02 0.
    5.573753789688501e+02 3.912808590052057e+02 0. 0. 1.</data></M1>
<D1 type_id="opencv-matrix">
  <rows>1</rows>
  <cols>14</cols>
  <dt>d</dt>
  <data>
    -3.504914431507744e-01 1.481561572889738e-01
    -2.348235820663758e-04 -7.425515748809165e-05
    -3.152054132324374e-02 0. 0. 0. 0. 0. 0. 0. 0.
     0.</data></D1>
<M2 type_id="opencv-matrix">
  <rows>3</rows>
  <cols>3</cols>
  <dt>d</dt>
  <data>
    5.566245410386169e+02 0. 5.353439231195559e+02 0.
    5.566802068222621e+02    3.463293360305007e+02 0. 0. 1.</data></M2>
<D2 type_id="opencv-matrix">
  <rows>1</rows>
  <cols>14</cols>
  <dt>d</dt>
  <data>
    -3.375453027241195e-01  1.274942937213895e-01
    -4.600393689151181e-05  -3.992318025534003e-04
    -2.369354723157151e-02 0. 0. 0. 0. 0. 0. 0. 0.
    0.</data></D2>
<imageSize>
  1024 768</imageSize>
<R type_id="opencv-matrix">
  <rows>3</rows>
  <cols>3</cols>
  <dt>d</dt>
  <data>
    9.999576723957880e-01    -6.933308800724150e-03     
    6.048358940371955e-03  6.914131576728625e-03  9.999710222541569e-01    
    3.185818029326741e-03  -6.070271932744072e-03    
    -3.143864031745046e-03  9.999766336858139e-01</data></R>
<T type_id="opencv-matrix">
  <rows>3</rows>
  <cols>1</cols>
  <dt>d</dt>
  <data>
    -9.993399143940310e+01    -2.403540387111872e-01     
     8.870822529538133e-01</data></T>
<E type_id="opencv-matrix">
  <rows>3</rows>
  <cols>3</cols>
  <dt>d</dt>
  <data>
    -5.3753743432379906e-03 -2.2241312601823147e+00
    -3.2873338487988218e-01 -1.3546344545879641e+00
    -2.6388225405135107e-01 1.0003206402347283e+02
    -4.3818487482240026e-01 -1.0001605441271438e+02
    -2.6259297649586932e-01</data></E>
<F type_id="opencv-matrix">
  <rows>3</rows>
  <cols>3</cols>
  <dt>d</dt>
  <data>
    -2.8313238001792977e-09 -1.1711702955528559e-06
    3.6674137569370327e-04 -7.1337280633526194e-07
    -1.3892596648151226e-07 2.9862572162150176e-02
    1.2208075135525676e-04 -2.8793477134985306e-02 1.</data></F>
<R1 type_id="opencv-matrix">
  <rows>3</rows>
  <cols>3</cols>
  <dt>d</dt>
  <data>
    9.999576723957880e-01    -6.933308800724150e-03     
    6.048358940371955e-03  6.914131576728625e-03  9.999710222541569e-01    
    3.185818029326741e-03  -6.070271932744072e-03    
    -3.143864031745046e-03  9.999766336858139e-01</data></R1>
<R2 type_id="opencv-matrix">
  <rows>3</rows>
  <cols>3</cols>
  <dt>d</dt>
  <data>
    9.999576723957880e-01    -6.933308800724150e-03     
    6.048358940371955e-03  6.914131576728625e-03  9.999710222541569e-01    
    3.185818029326741e-03  -6.070271932744072e-03    
    -3.143864031745046e-03  9.999766336858139e-01</data></R2>
<P1 type_id="opencv-matrix">
  <rows>3</rows>
  <cols>4</cols>
  <dt>d</dt>
  <data>
    5.5934551437191840e+02 0. 4.8957756042480469e+02 0. 0.
    5.5934551437191840e+02 3.7219750595092773e+02 0. 0. 0. 1. 0.</data></P1>
<P2 type_id="opencv-matrix">
  <rows>3</rows>
  <cols>4</cols>
  <dt>d</dt>
  <data>
    5.5934551437191840e+02 0. 5.5148308563232422e+02
    -5.5958102555982841e+04 0. 5.5934551437191840e+02
    3.7219750595092773e+02 0. 0. 0. 1. 0.</data></P2>
<H1 type_id="opencv-matrix">
  <rows>0</rows>
  <cols>0</cols>
  <dt>u</dt>
  <data></data></H1>
<H2 type_id="opencv-matrix">
  <rows>0</rows>
  <cols>0</cols>
  <dt>u</dt>
  <data></data></H2>
<Q type_id="opencv-matrix">
  <rows>4</rows>
  <cols>4</cols>
  <dt>d</dt>
  <data>
    1. 0. 0. -4.8957756042480469e+02 0. 1. 0. -3.7219750595092773e+02 0.
    0. 0. 5.5934551437191840e+02 0. 0. 9.9957912942513650e-03
    6.1879470993538221e-01</data></Q>
<rmsStereo>5.8639302525740689e-01</rmsStereo>
<avgErr>8.3068224683922920e-01</avgErr>
<nframes>67</nframes>
<num_Im>136</num_Im>
</opencv_storage>
