<?xml version="1.0"?>
<opencv_storage>
<M1 type_id="opencv-matrix">
  <rows>3</rows>
  <cols>3</cols>
  <dt>d</dt>
  <data>
    5.2380059247501049e+02 0. 4.7651017043224192e+02 0.
    5.2453426473411582e+02 3.6680078559909890e+02 0. 0. 1.</data></M1>
<D1 type_id="opencv-matrix">
  <rows>1</rows>
  <cols>14</cols>
  <dt>d</dt>
  <data>
    -3.3236898860814823e-01 1.1859352745276648e-01
    1.7209213188063333e-04 -3.6486470305093031e-03
    -1.9171258297924477e-02 0. 0. 0. 0. 0. 0. 0. 1.0736226798631531e-04
    -1.1223743809685582e-02</data></D1>
<M2 type_id="opencv-matrix">
  <rows>3</rows>
  <cols>3</cols>
  <dt>d</dt>
  <data>
    5.2589758132509064e+02 0. 5.0148770096401677e+02 0.
    5.2587899463702831e+02 3.3294689844377916e+02 0. 0. 1.</data></M2>
<D2 type_id="opencv-matrix">
  <rows>1</rows>
  <cols>14</cols>
  <dt>d</dt>
  <data>
    -3.4343461033148687e-01 1.3258537325772130e-01
    -2.1056362498464076e-03 9.5079773569087809e-04
    -2.4557574542930505e-02 0. 0. 0. 0. 0. 0. 0. 1.0210948163161324e-02
    3.0583344814476398e-03</data></D2>
<imageSize>
  960 720</imageSize>
<R type_id="opencv-matrix">
  <rows>3</rows>
  <cols>3</cols>
  <dt>d</dt>
  <data>
    9.9960776484104619e-01 -7.3631134089400503e-03
    2.7020381759233447e-02 7.6288543906164507e-03 9.9992341522069283e-01
    -9.7449614710680109e-03 -2.6946559152782389e-02
    9.9472737125764835e-03 9.9958738222104060e-01</data></R>
<T type_id="opencv-matrix">
  <rows>3</rows>
  <cols>1</cols>
  <dt>d</dt>
  <data>
    -9.8670230006423495e+01 -9.9159971563816507e-01
    7.7642801504471415e-01</data></T>
<E type_id="opencv-matrix">
  <rows>3</rows>
  <cols>3</cols>
  <dt>d</dt>
  <data>
    2.0796944121754528e-02 -7.8623226626129983e-01
    -9.8362430287421310e-01 -1.8826997168079178e+00
    9.7578285762811934e-01 9.8650496296643908e+01 2.3846995795844417e-01
    -9.8669974629796769e+01 9.8833099262290625e-01</data></E>
<F type_id="opencv-matrix">
  <rows>3</rows>
  <cols>3</cols>
  <dt>d</dt>
  <data>
    1.0646200083792015e-08 -4.0191858055798081e-07
    -1.2139767590126671e-04 -9.6381017264876269e-07
    4.9883366444260725e-07 2.6729340059296700e-02 3.7975791825431307e-04
    -2.6490628414737899e-02 1.</data></F>
<R1 type_id="opencv-matrix">
  <rows>3</rows>
  <cols>3</cols>
  <dt>d</dt>
  <data>
    9.9981503318892095e-01 2.6072644577137902e-03 1.9055224519394190e-02
    -2.5123972617515479e-03 9.9998433988336866e-01
    -5.0007847406582529e-03 -1.9067964480670774e-02
    4.9519854675473020e-03 9.9980592645297572e-01</data></R1>
<R2 type_id="opencv-matrix">
  <rows>3</rows>
  <cols>3</cols>
  <dt>d</dt>
  <data>
    9.9991855243758643e-01 1.0048815657922653e-02
    -7.8682777654832080e-03 -1.0009533025724294e-02
    9.9993732204512964e-01 5.0160970705713731e-03 7.9181904327089367e-03
    -4.9369307355429607e-03 9.9995646353988021e-01</data></R2>
<P1 type_id="opencv-matrix">
  <rows>3</rows>
  <cols>4</cols>
  <dt>d</dt>
  <data>
    5.2520662968557212e+02 0. 4.5810825347900391e+02 0. 0.
    5.2520662968557212e+02 3.4977782440185547e+02 0. 0. 0. 1. 0.</data></P1>
<P2 type_id="opencv-matrix">
  <rows>3</rows>
  <cols>4</cols>
  <dt>d</dt>
  <data>
    5.2520662968557212e+02 0. 5.0879017639160156e+02
    -5.1826480092445890e+04 0. 5.2520662968557212e+02
    3.4977782440185547e+02 0. 0. 0. 1. 0.</data></P2>
<H1 type_id="opencv-matrix">
  <rows>0</rows>
  <cols>0</cols>
  <dt>u</dt>
  <data></data></H1>
<H2 type_id="opencv-matrix">
  <rows>0</rows>
  <cols>0</cols>
  <dt>u</dt>
  <data></data></H2>
<Q type_id="opencv-matrix">
  <rows>4</rows>
  <cols>4</cols>
  <dt>d</dt>
  <data>
    1. 0. 0. -4.5810825347900391e+02 0. 1. 0. -3.4977782440185547e+02 0.
    0. 0. 5.2520662968557212e+02 0. 0. 1.0133943666417837e-02
    5.1360775170199602e-01</data></Q>
<rmsStereo>2.6523467077208873e+00</rmsStereo>
<avgErr>2.8492242605117974e+00</avgErr>
<nframes>46</nframes>
<num_Im>92</num_Im>
</opencv_storage>
