<?xml version="1.0"?>
<opencv_storage>
<M1 type_id="opencv-matrix">
  <rows>3</rows>
  <cols>3</cols>
  <dt>d</dt>
  <data>
    5.1909794797335257e+02 0. 5.0406370703308448e+02 0.
    5.1981906356743639e+02 3.2576049613715151e+02 0. 0. 1.</data></M1>
<D1 type_id="opencv-matrix">
  <rows>1</rows>
  <cols>14</cols>
  <dt>d</dt>
  <data>
    -3.4566152284461271e-01 1.4834909367539773e-01
    -8.9132713148862958e-04 4.0812791246249124e-04
    -3.4995843271241854e-02 0. 0. 0. 0. 0. 0. 0. 4.0685725851082955e-03
    5.0655972392677062e-03</data></D1>
<M2 type_id="opencv-matrix">
  <rows>3</rows>
  <cols>3</cols>
  <dt>d</dt>
  <data>
    5.2016852293273075e+02 0. 4.5318899423636572e+02 0.
    5.2117462971396981e+02 3.6763777802304736e+02 0. 0. 1.</data></M2>
<D2 type_id="opencv-matrix">
  <rows>1</rows>
  <cols>14</cols>
  <dt>d</dt>
  <data>
    -3.6508531977711273e-01 1.8730004461859964e-01
    2.5842290377523235e-04 3.1130783667277849e-03
    -5.5628040159395459e-02 0. 0. 0. 0. 0. 0. 0. -1.8007140541751823e-03
    1.1881085910388934e-02</data></D2>
<imageSize>
  960 720</imageSize>
<R type_id="opencv-matrix">
  <rows>3</rows>
  <cols>3</cols>
  <dt>d</dt>
  <data>
    9.9998050197110921e-01 3.5678202631377284e-03 5.1250693827888522e-03
    -3.5774273289777285e-03 9.9999185891071907e-01
    1.8665813645364487e-03 -5.1183680323262370e-03
    -1.8848795331520007e-03 9.9998512465827771e-01</data></R>
<T type_id="opencv-matrix">
  <rows>3</rows>
  <cols>1</cols>
  <dt>d</dt>
  <data>
    -9.8470369873545778e+01 8.2257467249461580e-01
    9.1641218763066890e-01</data></T>
<E type_id="opencv-matrix">
  <rows>3</rows>
  <cols>3</cols>
  <dt>d</dt>
  <data>
    -9.3184190325944433e-04 -9.1795518120190567e-01
    8.2085187850360486e-01 4.1238672610726124e-01
    -1.8233519082413871e-01 9.8473601769189230e+01
    -4.7028804162971882e-01 -9.8472503016057587e+01
    -1.8801870963403164e-01</data></E>
<F type_id="opencv-matrix">
  <rows>3</rows>
  <cols>3</cols>
  <dt>d</dt>
  <data>
    4.0603626079121843e-10 3.9943045100326205e-07
    -3.1599117310084730e-04 -1.7934450018496988e-07
    7.9186471356598376e-08 -2.2166063154326503e-02
    1.7234326925617645e-04 2.2078262634708051e-02 1.</data></F>
<R1 type_id="opencv-matrix">
  <rows>3</rows>
  <cols>3</cols>
  <dt>d</dt>
  <data>
    9.9997982876444869e-01 -4.7677220972097752e-03
    -4.1965331200666742e-03 4.7716657113842471e-03
    9.9998818287750413e-01 9.3022131025983384e-04 4.1920484924245251e-03
    -9.5022699974240657e-04 9.9999076185637137e-01</data></R1>
<R2 type_id="opencv-matrix">
  <rows>3</rows>
  <cols>3</cols>
  <dt>d</dt>
  <data>
    9.9992181322994245e-01 -8.3528716211179483e-03
    -9.3057489019113936e-03 8.3441182238269199e-03
    9.9996470793086945e-01 -9.7907292763428633e-04
    9.3135985532500874e-03 9.0134810808560097e-04 9.9995622126849981e-01</data></R2>
<P1 type_id="opencv-matrix">
  <rows>3</rows>
  <cols>4</cols>
  <dt>d</dt>
  <data>
    5.2049684664070310e+02 0. 4.8520891571044922e+02 0. 0.
    5.2049684664070310e+02 3.4664205932617188e+02 0. 0. 0. 1. 0.</data></P1>
<P2 type_id="opencv-matrix">
  <rows>3</rows>
  <cols>4</cols>
  <dt>d</dt>
  <data>
    5.2049684664070310e+02 0. 4.8520891571044922e+02
    -5.1257524667019141e+04 0. 5.2049684664070310e+02
    3.4664205932617188e+02 0. 0. 0. 1. 0.</data></P2>
<H1 type_id="opencv-matrix">
  <rows>0</rows>
  <cols>0</cols>
  <dt>u</dt>
  <data></data></H1>
<H2 type_id="opencv-matrix">
  <rows>0</rows>
  <cols>0</cols>
  <dt>u</dt>
  <data></data></H2>
<Q type_id="opencv-matrix">
  <rows>4</rows>
  <cols>4</cols>
  <dt>d</dt>
  <data>
    1. 0. 0. -4.8520891571044922e+02 0. 1. 0. -3.4664205932617188e+02 0.
    0. 0. 5.2049684664070310e+02 0. 0. 1.0154545113560834e-02 0.</data></Q>
<rmsStereo>2.8341240002064993e+00</rmsStereo>
<avgErr>2.5164523845772662e+00</avgErr>
<nframes>71</nframes>
<num_Im>162</num_Im>
</opencv_storage>
