<?xml version="1.0"?>
<opencv_storage>
<M1 type_id="opencv-matrix">
  <rows>3</rows>
  <cols>3</cols>
  <dt>d</dt>
  <data>
    5.1981656334029594e+02 0. 5.0109499540698101e+02 0.
    5.1988421148330588e+02 3.2354579914369265e+02 0. 0. 1.</data></M1>
<D1 type_id="opencv-matrix">
  <rows>1</rows>
  <cols>14</cols>
  <dt>d</dt>
  <data>
    -3.4389449914933901e-01 1.4563342894339862e-01
    4.3305325093162083e-04 -9.9924588725838477e-04
    -3.2707659472498339e-02 0. 0. 0. 0. 0. 0. 0. -6.0116614429694471e-04
    -1.6640378103463702e-03</data></D1>
<M2 type_id="opencv-matrix">
  <rows>3</rows>
  <cols>3</cols>
  <dt>d</dt>
  <data>
    5.2081230241734693e+02 0. 4.5459010044031498e+02 0.
    5.2149599697219924e+02 3.6737566696804339e+02 0. 0. 1.</data></M2>
<D2 type_id="opencv-matrix">
  <rows>1</rows>
  <cols>14</cols>
  <dt>d</dt>
  <data>
    -3.5834634334230098e-01 1.7197807952247507e-01
    2.9178695506573991e-04 1.5565365677867361e-03
    -4.6212835720835302e-02 0. 0. 0. 0. 0. 0. 0. -4.1052310880881026e-04
    5.2453340623452079e-03</data></D2>
<imageSize>
  960 720</imageSize>
<R type_id="opencv-matrix">
  <rows>3</rows>
  <cols>3</cols>
  <dt>d</dt>
  <data>
    9.9999412585409619e-01 3.4047113091234429e-03
    -3.9521918420744925e-04 -3.4052740325418722e-03
    9.9999317672727750e-01 -1.4319942916265088e-03
    3.9034096035989510e-04 1.4333317095082433e-03 9.9999889659646379e-01</data></R>
<T type_id="opencv-matrix">
  <rows>3</rows>
  <cols>1</cols>
  <dt>d</dt>
  <data>
    -9.9426904449717100e+01 6.4365218177167838e-01
    7.6582667087399181e-01</data></T>
<E type_id="opencv-matrix">
  <rows>3</rows>
  <cols>3</cols>
  <dt>d</dt>
  <data>
    2.8590934865256939e-03 -7.6489887834773074e-01
    6.4474813098465178e-01 8.0463256566490415e-01 1.4511915365317882e-01
    9.9426492072327022e+01 -3.0507254500620773e-01
    -9.9428417482694513e+01 1.4263314329628235e-01</data></E>
<F type_id="opencv-matrix">
  <rows>3</rows>
  <cols>3</cols>
  <dt>d</dt>
  <data>
    -1.3049148493947394e-09 3.4906099831563534e-07
    -2.6524902073557266e-04 -3.6675975849537621e-07
    -6.6138188342702820e-08 -2.3352705099398054e-02
    2.0784853632287745e-04 2.3496996804621098e-02 1.</data></F>
<R1 type_id="opencv-matrix">
  <rows>3</rows>
  <cols>3</cols>
  <dt>d</dt>
  <data>
    9.9996254948024366e-01 -3.0797505978412310e-03
    -8.0879399865751607e-03 3.0738979946158536e-03
    9.9999500475017611e-01 -7.3595231779648520e-04
    8.0901661348850556e-03 7.1106325349436868e-04 9.9996702125668113e-01</data></R1>
<R2 type_id="opencv-matrix">
  <rows>3</rows>
  <cols>3</cols>
  <dt>d</dt>
  <data>
    9.9994938640168329e-01 -6.4732942032216436e-03
    -7.7020190246158233e-03 6.4788651022960496e-03
    9.9997876792603579e-01 6.9857291220564713e-04 7.6973334267950826e-03
    -7.4843789719267000e-04 9.9997009500226108e-01</data></R2>
<P1 type_id="opencv-matrix">
  <rows>3</rows>
  <cols>4</cols>
  <dt>d</dt>
  <data>
    5.2069010422775250e+02 0. 4.8550384902954102e+02 0. 0.
    5.2069010422775250e+02 3.4539386749267578e+02 0. 0. 0. 1. 0.</data></P1>
<P2 type_id="opencv-matrix">
  <rows>3</rows>
  <cols>4</cols>
  <dt>d</dt>
  <data>
    5.2069010422775250e+02 0. 4.8550384902954102e+02
    -5.1773225670213615e+04 0. 5.2069010422775250e+02
    3.4539386749267578e+02 0. 0. 0. 1. 0.</data></P2>
<H1 type_id="opencv-matrix">
  <rows>0</rows>
  <cols>0</cols>
  <dt>u</dt>
  <data></data></H1>
<H2 type_id="opencv-matrix">
  <rows>0</rows>
  <cols>0</cols>
  <dt>u</dt>
  <data></data></H2>
<Q type_id="opencv-matrix">
  <rows>4</rows>
  <cols>4</cols>
  <dt>d</dt>
  <data>
    1. 0. 0. -4.8550384902954102e+02 0. 1. 0. -3.4539386749267578e+02 0.
    0. 0. 5.2069010422775250e+02 0. 0. 1.0057130833308656e-02 0.</data></Q>
<rmsStereo>1.9686391262219771e+00</rmsStereo>
<avgErr>1.3478211445205006e+00</avgErr>
<nframes>60</nframes>
<num_Im>126</num_Im>
</opencv_storage>
