<?xml version="1.0"?>
<opencv_storage>
<M1 type_id="opencv-matrix">
  <rows>3</rows>
  <cols>3</cols>
  <dt>d</dt>
  <data>
    5.2242839011679177e+02 0. 4.9841777952579753e+02 0.
    5.2208092583117241e+02 3.2518288846874134e+02 0. 0. 1.</data></M1>
<D1 type_id="opencv-matrix">
  <rows>1</rows>
  <cols>14</cols>
  <dt>d</dt>
  <data>
    -3.4713900996239216e-01 1.5139842230528311e-01
    1.4466977587865618e-04 -6.5948634695383148e-04
    -3.5331007801047865e-02 0. 0. 0. 0. 0. 0. 0. -9.9152970499851193e-04
    -1.1286803146904403e-03</data></D1>
<M2 type_id="opencv-matrix">
  <rows>3</rows>
  <cols>3</cols>
  <dt>d</dt>
  <data>
    5.2337525699408877e+02 0. 4.5639264083329283e+02 0.
    5.2330602966370452e+02 3.6897698511068592e+02 0. 0. 1.</data></M2>
<D2 type_id="opencv-matrix">
  <rows>1</rows>
  <cols>14</cols>
  <dt>d</dt>
  <data>
    -3.5860385941338024e-01 1.7796663795781775e-01
    7.4300921420478020e-04 4.1949502279479999e-04
    -5.2759290184398816e-02 0. 0. 0. 0. 0. 0. 0. -4.5784928363175317e-03
    4.5717869185182776e-04</data></D2>
<imageSize>
  960 720</imageSize>
<R type_id="opencv-matrix">
  <rows>3</rows>
  <cols>3</cols>
  <dt>d</dt>
  <data>
    9.9998469967349379e-01 2.8283370632242216e-03
    -4.7540433705667781e-03 -2.8352295581097983e-03
    9.9999493858357891e-01 -1.4437037705129553e-03
    4.7499360274911358e-03 1.4571604856586633e-03 9.9998765731935602e-01</data></R>
<T type_id="opencv-matrix">
  <rows>3</rows>
  <cols>1</cols>
  <dt>d</dt>
  <data>
    -1.0064376849256585e+02 6.5738567477631460e-01
    5.7860552253588393e-01</data></T>
<E type_id="opencv-matrix">
  <rows>3</rows>
  <cols>3</cols>
  <dt>d</dt>
  <data>
    4.7630193805558909e-03 -5.7764467754326876e-01
    6.5821289584939557e-01 1.0566481315877865e+00 1.4829061401951982e-01
    1.0063977556292396e+02 -3.7202742929116767e-01
    -1.0064511840081214e+02 1.4842502806042621e-01</data></E>
<F type_id="opencv-matrix">
  <rows>3</rows>
  <cols>3</cols>
  <dt>d</dt>
  <data>
    -2.2115605555507586e-09 2.6838992309167826e-07
    -2.4583849914484369e-04 -4.9068674284960390e-07
    -6.8909094257891405e-08 -2.4148791523116261e-02
    2.7246899143554650e-04 2.4377294016888353e-02 1.</data></F>
<R1 type_id="opencv-matrix">
  <rows>3</rows>
  <cols>3</cols>
  <dt>d</dt>
  <data>
    9.9993805630402544e-01 -3.7116736755205522e-03
    -1.0493189860778171e-02 3.7039386062060245e-03
    9.9999285425609608e-01 -7.5648896067365622e-04
    1.0495922719291853e-02 7.1757596992385870e-04 9.9994465881417560e-01</data></R1>
<R2 type_id="opencv-matrix">
  <rows>3</rows>
  <cols>3</cols>
  <dt>d</dt>
  <data>
    9.9996214414074858e-01 -6.5315597649310709e-03
    -5.7488270520190867e-03 6.5357951687075623e-03
    9.9997838350558976e-01 7.1826392101566273e-04 5.7440113988041514e-03
    -7.5580988659010870e-04 9.9998321740140506e-01</data></R2>
<P1 type_id="opencv-matrix">
  <rows>3</rows>
  <cols>4</cols>
  <dt>d</dt>
  <data>
    5.2269347774743846e+02 0. 4.8528304290771484e+02 0. 0.
    5.2269347774743846e+02 3.4702739334106445e+02 0. 0. 0. 1. 0.</data></P1>
<P2 type_id="opencv-matrix">
  <rows>3</rows>
  <cols>4</cols>
  <dt>d</dt>
  <data>
    5.2269347774743846e+02 0. 4.8528304290771484e+02
    -5.2607832881704409e+04 0. 5.2269347774743846e+02
    3.4702739334106445e+02 0. 0. 0. 1. 0.</data></P2>
<H1 type_id="opencv-matrix">
  <rows>0</rows>
  <cols>0</cols>
  <dt>u</dt>
  <data></data></H1>
<H2 type_id="opencv-matrix">
  <rows>0</rows>
  <cols>0</cols>
  <dt>u</dt>
  <data></data></H2>
<Q type_id="opencv-matrix">
  <rows>4</rows>
  <cols>4</cols>
  <dt>d</dt>
  <data>
    1. 0. 0. -4.8528304290771484e+02 0. 1. 0. -3.4702739334106445e+02 0.
    0. 0. 5.2269347774743846e+02 0. 0. 9.9356588005208857e-03 0.</data></Q>
<rmsStereo>2.3659738723716847e-01</rmsStereo>
<avgErr>4.6338943898993196e-01</avgErr>
<nframes>35</nframes>
<num_Im>72</num_Im>
</opencv_storage>
