<?xml version="1.0"?>
<opencv_storage>
<M1 type_id="opencv-matrix">
  <rows>3</rows>
  <cols>3</cols>
  <dt>d</dt>
  <data>
    1.0712953182362874e+03 0. 7.9550341854882095e+02 0.
    1.0904913828618935e+03 5.1684778786459674e+02 0. 0. 1.</data></M1>
<D1 type_id="opencv-matrix">
  <rows>1</rows>
  <cols>14</cols>
  <dt>d</dt>
  <data>
    -3.8167244368109887e-01 2.1590617792657374e-01
    5.5406346452347892e-03 8.3599336707878365e-04
    -7.7199369781501548e-02 0. 0. 0. 0. 0. 0. 0. -3.2800858219299990e-02
    6.7657477653485943e-03</data></D1>
<M2 type_id="opencv-matrix">
  <rows>3</rows>
  <cols>3</cols>
  <dt>d</dt>
  <data>
    1.0661895972893883e+03 0. 8.0130120179573976e+02 0.
    1.0894391285658510e+03 5.3067654639136310e+02 0. 0. 1.</data></M2>
<D2 type_id="opencv-matrix">
  <rows>1</rows>
  <cols>14</cols>
  <dt>d</dt>
  <data>
    -3.6880498873477957e-01 1.8028373214742024e-01
    3.0705518557034880e-03 4.9428997766946616e-06
    -4.8291124762846145e-02 0. 0. 0. 0. 0. 0. 0. -2.1632616985700365e-02
    2.4365232338765738e-03</data></D2>
<imageSize>
  1440 1080</imageSize>
<R type_id="opencv-matrix">
  <rows>3</rows>
  <cols>3</cols>
  <dt>d</dt>
  <data>
    9.9991909338635188e-01 3.5935450501669635e-03
    -1.2202176666008093e-02 -3.7042397464938171e-03
    9.9995208487378784e-01 -9.0612672659854086e-03
    1.2169029925041161e-02 9.1057339373355160e-03 9.9988449348919595e-01</data></R>
<T type_id="opencv-matrix">
  <rows>3</rows>
  <cols>1</cols>
  <dt>d</dt>
  <data>
    -1.5023289530638675e+02 4.0482003748329110e-01
    -4.8262194614247278e-01</data></T>
<E type_id="opencv-matrix">
  <rows>3</rows>
  <cols>3</cols>
  <dt>d</dt>
  <data>
    3.1385197549593079e-03 4.8628500480483566e-01 4.0040011169083084e-01
    1.3456056998738581e+00 1.3662464495898772e+00 1.5022143146709166e+02
    1.5171137715984073e-01 -1.5022715161728885e+02
    1.3662401021292865e+00</data></E>
<F type_id="opencv-matrix">
  <rows>3</rows>
  <cols>3</cols>
  <dt>d</dt>
  <data>
    -6.3733605010749540e-08 -9.7011107927543950e-06
    -3.6458808638106066e-03 -2.6741939835083944e-05
    -2.6674181659498295e-05 -3.1632180684003988e+00
    1.0957686316273387e-02 3.2172422728191030e+00 1.</data></F>
<R1 type_id="opencv-matrix">
  <rows>3</rows>
  <cols>3</cols>
  <dt>d</dt>
  <data>
    9.9995937766574905e-01 9.2830160554735995e-04
    -8.9655604653122375e-03 -9.6906040021430223e-04
    9.9998921153417231e-01 -4.5428776348272575e-03
    8.9612465800673006e-03 4.5513812621461938e-03 9.9994948921849935e-01</data></R1>
<R2 type_id="opencv-matrix">
  <rows>3</rows>
  <cols>3</cols>
  <dt>d</dt>
  <data>
    9.9999120958506360e-01 -2.6945928062040844e-03
    3.2124635733672747e-03 2.6799572799820069e-03 9.9998605078534786e-01
    4.5514902725433308e-03 -3.2246831749692443e-03
    -4.5428409979151136e-03 9.9998448188663847e-01</data></R2>
<P1 type_id="opencv-matrix">
  <rows>3</rows>
  <cols>4</cols>
  <dt>d</dt>
  <data>
    1.0899652557138722e+03 0. 1.0795440368652344e+03 0. 0.
    1.0899652557138722e+03 6.8105407714843750e+02 0. 0. 0. 1. 0.</data></P1>
<P2 type_id="opencv-matrix">
  <rows>3</rows>
  <cols>4</cols>
  <dt>d</dt>
  <data>
    1.0899652557138722e+03 0. 1.0795440368652344e+03
    -1.6375007558037146e+05 0. 1.0899652557138722e+03
    6.8105407714843750e+02 0. 0. 0. 1. 0.</data></P2>
<H1 type_id="opencv-matrix">
  <rows>0</rows>
  <cols>0</cols>
  <dt>u</dt>
  <data></data></H1>
<H2 type_id="opencv-matrix">
  <rows>0</rows>
  <cols>0</cols>
  <dt>u</dt>
  <data></data></H2>
<Q type_id="opencv-matrix">
  <rows>4</rows>
  <cols>4</cols>
  <dt>d</dt>
  <data>
    1. 0. 0. -1.0795440368652344e+03 0. 1. 0. -6.8105407714843750e+02 0.
    0. 0. 1.0899652557138722e+03 0. 0. 6.6562732985054277e-03 0.</data></Q>
<rmsStereo>9.5639898155351444e-01</rmsStereo>
<avgErr>8.3775805189595587e-01</avgErr>
<nframes>76</nframes>
<num_Im>154</num_Im>
</opencv_storage>
