<?xml version="1.0"?>
<opencv_storage>
<M1 type_id="opencv-matrix">
  <rows>3</rows>
  <cols>3</cols>
  <dt>d</dt>
  <data>
    6.8482383890143774e+02 0. 5.2698234579518044e+02 0.
    6.9453937682660887e+02 3.7802195282591134e+02 0. 0. 1.</data></M1>
<D1 type_id="opencv-matrix">
  <rows>1</rows>
  <cols>14</cols>
  <dt>d</dt>
  <data>
    -3.7951979171366612e-01 2.3787143761591428e-01
    -7.6292981962298428e-03 -5.3740254782645679e-03
    -1.1965855105181374e-01 0. 0. 0. 0. 0. 0. 0. 8.5482070857547734e-03
    -8.3320148744460368e-03</data></D1>
<M2 type_id="opencv-matrix">
  <rows>3</rows>
  <cols>3</cols>
  <dt>d</dt>
  <data>
    6.8517922779226524e+02 0. 5.2090109785906475e+02 0.
    6.9795441478288956e+02 3.6578360893905744e+02 0. 0. 1.</data></M2>
<D2 type_id="opencv-matrix">
  <rows>1</rows>
  <cols>14</cols>
  <dt>d</dt>
  <data>
    -3.8316191626440371e-01 1.9932728432222457e-01
    -3.3683421764821794e-03 -8.2522311998046924e-03
    -6.1034006972383363e-02 0. 0. 0. 0. 0. 0. 0. -3.8894246407401921e-03
    -3.1492579949278392e-02</data></D2>
<imageSize>
  900 675</imageSize>
<R type_id="opencv-matrix">
  <rows>3</rows>
  <cols>3</cols>
  <dt>d</dt>
  <data>
    9.9998838380014188e-01 -1.7321860694816918e-03
    -4.4979769008826245e-03 1.8267166231322749e-03
    9.9977574610652720e-01 2.1097881493545030e-02 4.4604227556311639e-03
    -2.1105852945512323e-02 9.9976729672473463e-01</data></R>
<T type_id="opencv-matrix">
  <rows>3</rows>
  <cols>1</cols>
  <dt>d</dt>
  <data>
    -1.4633052184392452e+02 5.1224581288419935e-01
    -5.1575574267393964e+00</data></T>
<E type_id="opencv-matrix">
  <rows>3</rows>
  <cols>3</cols>
  <dt>d</dt>
  <data>
    1.1706228766449642e-02 5.1455894396069519e+00 6.2094014699130107e-01
    -4.5048015260455232e+00 -3.0794966263507999e+00
    1.4631966882639057e+02 -7.7954425925837778e-01
    -1.4629681934960587e+02 -3.0849599389177946e+00</data></E>
<F type_id="opencv-matrix">
  <rows>3</rows>
  <cols>3</cols>
  <dt>d</dt>
  <data>
    -4.3508090905096411e-08 -1.8856893510929809e-05
    5.5707945409302533e-03 1.6436366298837951e-05 1.1078778494623215e-05
    -3.7845436190964871e-01 -4.0043186781830364e-03
    3.7311510420669508e-01 1.</data></F>
<R1 type_id="opencv-matrix">
  <rows>3</rows>
  <cols>3</cols>
  <dt>d</dt>
  <data>
    9.9951243791139488e-01 -5.9721599265933935e-03
    3.0646692582252350e-02 5.6490759218234751e-03 9.9992767048473374e-01
    1.0617991345039643e-02 -3.0707888264245118e-02
    -1.0439688921852734e-02 9.9947388084610078e-01</data></R1>
<R2 type_id="opencv-matrix">
  <rows>3</rows>
  <cols>3</cols>
  <dt>d</dt>
  <data>
    9.9937332415206159e-01 -3.4984143728479856e-03
    3.5223856548286067e-02 3.8691900399220464e-03 9.9993776919542521e-01
    -1.0463608598930424e-02 -3.5185058500638480e-02
    1.0593339103063469e-02 9.9932466837607603e-01</data></R2>
<P1 type_id="opencv-matrix">
  <rows>3</rows>
  <cols>4</cols>
  <dt>d</dt>
  <data>
    6.9624689580474922e+02 0. 4.7909657287597656e+02 0. 0.
    6.9624689580474922e+02 3.4851664352416992e+02 0. 0. 0. 1. 0.</data></P1>
<P2 type_id="opencv-matrix">
  <rows>3</rows>
  <cols>4</cols>
  <dt>d</dt>
  <data>
    6.9624689580474922e+02 0. 4.7909657287597656e+02
    -1.0194605872811889e+05 0. 6.9624689580474922e+02
    3.4851664352416992e+02 0. 0. 0. 1. 0.</data></P2>
<H1 type_id="opencv-matrix">
  <rows>0</rows>
  <cols>0</cols>
  <dt>u</dt>
  <data></data></H1>
<H2 type_id="opencv-matrix">
  <rows>0</rows>
  <cols>0</cols>
  <dt>u</dt>
  <data></data></H2>
<Q type_id="opencv-matrix">
  <rows>4</rows>
  <cols>4</cols>
  <dt>d</dt>
  <data>
    1. 0. 0. -4.7909657287597656e+02 0. 1. 0. -3.4851664352416992e+02 0.
    0. 0. 6.9624689580474922e+02 0. 0. 6.8295616769411165e-03 0.</data></Q>
<rmsStereo>2.6853157587677439e+00</rmsStereo>
<avgErr>2.6639148720905359e+00</avgErr>
<nframes>73</nframes>
<num_Im>154</num_Im>
</opencv_storage>
