<?xml version="1.0"?>
<opencv_storage>
<M1 type_id="opencv-matrix">
  <rows>3</rows>
  <cols>3</cols>
  <dt>d</dt>
  <data>
    6.5368212507826900e+02 0. 4.6196734702989789e+02 0.
    5.1005829186242192e+02 2.7534829788269309e+02 0. 0. 1.</data></M1>
<D1 type_id="opencv-matrix">
  <rows>1</rows>
  <cols>14</cols>
  <dt>d</dt>
  <data>
    -3.0955693857982475e-01 1.3464259657386685e-01
    3.2529416046806303e-03 3.5794380667631782e-03
    -3.4409217253432468e-02 0. 0. 0. 0. 0. 0. 0. -1.6754063964603636e-02
    1.0927828717953052e-02</data></D1>
<M2 type_id="opencv-matrix">
  <rows>3</rows>
  <cols>3</cols>
  <dt>d</dt>
  <data>
    6.5312337057380103e+02 0. 4.9266074602044853e+02 0.
    5.1000491326915204e+02 2.8100820734915663e+02 0. 0. 1.</data></M2>
<D2 type_id="opencv-matrix">
  <rows>1</rows>
  <cols>14</cols>
  <dt>d</dt>
  <data>
    -3.1403753138683449e-01 1.4907039036401482e-01
    5.4446248796803437e-04 -7.4330069632590309e-04
    -4.3173417346212717e-02 0. 0. 0. 0. 0. 0. 0. -3.3846352218032728e-03
    -4.0796145253488448e-03</data></D2>
<imageSize>
  960 600</imageSize>
<R type_id="opencv-matrix">
  <rows>3</rows>
  <cols>3</cols>
  <dt>d</dt>
  <data>
    9.9968036356309009e-01 -4.4822126978632769e-03
    -2.4881327852411692e-02 4.2584776295272152e-03
    9.9995009050132055e-01 -9.0378025359975130e-03
    2.4920595391099726e-02 8.9289571469449904e-03 9.9964955741980954e-01</data></R>
<T type_id="opencv-matrix">
  <rows>3</rows>
  <cols>1</cols>
  <dt>d</dt>
  <data>
    -1.0037588569923298e+02 -3.2775219550455909e-01
    -2.1923338055984827e+00</data></T>
<E type_id="opencv-matrix">
  <rows>3</rows>
  <cols>3</cols>
  <dt>d</dt>
  <data>
    1.1682246148836742e-03 2.1892979020088297e+00
    -3.4745121720749444e-01 3.0979377870151437e-01
    9.0607848841650829e-01 1.0039525789103867e+02
    -9.9801029833565758e-02 -1.0037234504415066e+02
    8.9902252449482767e-01</data></E>
<F type_id="opencv-matrix">
  <rows>3</rows>
  <cols>3</cols>
  <dt>d</dt>
  <data>
    1.9803921220600201e-09 4.7563794646651148e-06
    -1.6955976343522509e-03 6.7254042438877713e-07
    2.5209156742981202e-06 1.4146586286492002e-01
    -3.0046321018022289e-04 -1.4547494186939114e-01 1.</data></F>
<R1 type_id="opencv-matrix">
  <rows>3</rows>
  <cols>3</cols>
  <dt>d</dt>
  <data>
    9.9999474545466482e-01 -1.0218586650209231e-03
    -3.0765025481171177e-03 1.0080187586654619e-03
    9.9998938138165105e-01 -4.4967790834424155e-03
    3.0810649525818152e-03 4.4936542826332629e-03 9.9998515694481493e-01</data></R1>
<R2 type_id="opencv-matrix">
  <rows>3</rows>
  <cols>3</cols>
  <dt>d</dt>
  <data>
    9.9975623835372140e-01 3.2644524111268372e-03 2.1835915901840558e-02
    -3.3625827091603735e-03 9.9998440603967953e-01
    4.4587795408086509e-03 -2.1821019919811741e-02
    -4.5311177346176118e-03 9.9975162518584293e-01</data></R2>
<P1 type_id="opencv-matrix">
  <rows>3</rows>
  <cols>4</cols>
  <dt>d</dt>
  <data>
    5.1003160256578701e+02 0. 6.3616907501220703e+02 0. 0.
    5.1003160256578701e+02 6.4683849334716797e+01 0. 0. 0. 1. 0.</data></P1>
<P2 type_id="opencv-matrix">
  <rows>3</rows>
  <cols>4</cols>
  <dt>d</dt>
  <data>
    5.1003160256578701e+02 0. 6.3616907501220703e+02
    -5.1207356231596626e+04 0. 5.1003160256578701e+02
    6.4683849334716797e+01 0. 0. 0. 1. 0.</data></P2>
<H1 type_id="opencv-matrix">
  <rows>0</rows>
  <cols>0</cols>
  <dt>u</dt>
  <data></data></H1>
<H2 type_id="opencv-matrix">
  <rows>0</rows>
  <cols>0</cols>
  <dt>u</dt>
  <data></data></H2>
<Q type_id="opencv-matrix">
  <rows>4</rows>
  <cols>4</cols>
  <dt>d</dt>
  <data>
    1. 0. 0. -6.3616907501220703e+02 0. 1. 0. -6.4683849334716797e+01 0.
    0. 0. 5.1003160256578701e+02 0. 0. 9.9601237029120580e-03 0.</data></Q>
<rmsStereo>3.4628984585743400e-01</rmsStereo>
<avgErr>3.9039163557886314e-01</avgErr>
<nframes>29</nframes>
<num_Im>58</num_Im>
</opencv_storage>
